     20.00,     138.00,   6.000000e-01,   9.9627e+00
     21.00,     138.20,   5.454939e-01,   9.0446e+00
     22.00,     138.50,   4.959393e-01,   8.2052e+00
     23.00,     138.89,   4.508864e-01,   7.4386e+00
     24.00,     139.39,   4.099263e-01,   6.7389e+00
     25.00,     139.97,   3.726871e-01,   6.1010e+00
     26.00,     140.66,   3.388309e-01,   5.5199e+00
     27.00,     141.43,   3.080503e-01,   4.9910e+00
     28.00,     142.29,   2.800659e-01,   4.5101e+00
     29.00,     143.24,   2.546237e-01,   4.0732e+00
     30.00,     144.27,   2.314928e-01,   3.6766e+00
     31.00,     145.39,   2.104632e-01,   3.3171e+00
     32.00,     146.58,   1.913439e-01,   2.9913e+00
     33.00,     147.84,   1.739616e-01,   2.6963e+00
     34.00,     149.16,   1.581583e-01,   2.4296e+00
     35.00,     150.56,   1.437906e-01,   2.1885e+00
     36.00,     152.00,   1.307282e-01,   1.9707e+00
     37.00,     153.51,   1.188524e-01,   1.7741e+00
     38.00,     155.06,   1.080554e-01,   1.5968e+00
     39.00,     156.65,   9.823925e-02,   1.4370e+00
     40.00,     158.27,   8.931485e-02,   1.2931e+00
     41.00,     159.93,   8.120117e-02,   1.1634e+00
     42.00,     161.62,   7.382457e-02,   1.0467e+00
     43.00,     163.32,   6.711808e-02,   9.4170e-01
     44.00,     165.03,   6.102084e-02,   8.4726e-01
     45.00,     166.75,   5.547749e-02,   7.6235e-01
     46.00,     168.47,   5.043771e-02,   6.8602e-01
     47.00,     170.18,   4.585577e-02,   6.1742e-01
     48.00,     171.88,   4.169007e-02,   5.5578e-01
     49.00,     173.57,   3.790280e-02,   5.0039e-01
     50.00,     175.23,   3.445957e-02,   4.5063e-01
     51.00,     176.85,   3.132914e-02,   4.0592e-01
     52.00,     178.44,   2.848309e-02,   3.6575e-01
     53.00,     179.99,   2.589559e-02,   3.2966e-01
     54.00,     181.50,   2.354314e-02,   2.9724e-01
     55.00,     182.94,   2.140440e-02,   2.6809e-01
     56.00,     184.34,   1.945994e-02,   2.4190e-01
     57.00,     185.66,   1.769213e-02,   2.1835e-01
     58.00,     186.92,   1.608492e-02,   1.9718e-01
     59.00,     188.11,   1.462371e-02,   1.7813e-01
     60.00,     189.23,   1.329524e-02,   1.6100e-01
     61.00,     190.26,   1.208745e-02,   1.4558e-01
     62.00,     191.21,   1.098938e-02,   1.3170e-01
     63.00,     192.07,   9.991069e-03,   1.1919e-01
     64.00,     192.84,   9.083444e-03,   1.0793e-01
     65.00,     193.53,   8.258272e-03,   9.7781e-02
     66.00,     194.11,   7.508061e-03,   8.8628e-02
     67.00,     194.61,   6.826002e-03,   8.0373e-02
     68.00,     195.00,   6.205904e-03,   7.2924e-02
     69.00,     195.30,   5.642138e-03,   6.6198e-02
     70.00,     195.50,   5.129586e-03,   6.0123e-02
     71.00,     195.60,   4.663596e-03,   5.4633e-02
     72.00,     195.60,   4.239938e-03,   4.9669e-02
     73.00,     195.51,   3.854767e-03,   4.5179e-02
     74.00,     195.31,   3.504586e-03,   4.1116e-02
     75.00,     195.03,   3.186217e-03,   3.7436e-02
     76.00,     194.64,   2.896770e-03,   3.4102e-02
     77.00,     194.17,   2.633617e-03,   3.1079e-02
     78.00,     193.61,   2.394370e-03,   2.8338e-02
     79.00,     192.96,   2.176857e-03,   2.5851e-02
     80.00,     192.23,   1.979103e-03,   2.3592e-02
     81.00,     191.41,   1.799315e-03,   2.1540e-02
     82.00,     190.52,   1.635859e-03,   1.9674e-02
     83.00,     189.56,   1.487251e-03,   1.7978e-02
     84.00,     188.54,   1.352144e-03,   1.6434e-02
     85.00,     187.44,   1.229311e-03,   1.5028e-02
     86.00,     186.30,   1.117636e-03,   1.3747e-02
     87.00,     185.09,   1.016106e-03,   1.2579e-02
     88.00,     183.84,   9.237989e-04,   1.1514e-02
     89.00,     182.55,   8.398778e-04,   1.0542e-02
     90.00,     181.23,   7.635803e-04,   9.6547e-03
     91.00,     179.87,   6.942139e-04,   8.8439e-03
     92.00,     178.48,   6.311491e-04,   8.1028e-03
     93.00,     177.08,   5.738132e-04,   7.4250e-03
     94.00,     175.67,   5.216860e-04,   6.8048e-03
     95.00,     174.25,   4.742942e-04,   6.2370e-03
     96.00,     172.83,   4.312076e-04,   5.7170e-03
     97.00,     171.42,   3.920352e-04,   5.2405e-03
     98.00,     170.02,   3.564213e-04,   4.8037e-03
     99.00,     168.63,   3.240427e-04,   4.4032e-03
    100.00,     167.27,   2.946055e-04,   4.0357e-03
    101.00,     165.95,   2.678425e-04,   3.6984e-03
    102.00,     164.66,   2.435108e-04,   3.3888e-03
    103.00,     163.41,   2.213894e-04,   3.1045e-03
    104.00,     162.20,   2.012776e-04,   2.8434e-03
    105.00,     161.06,   1.829928e-04,   2.6035e-03
    106.00,     159.96,   1.663691e-04,   2.3832e-03
    107.00,     158.94,   1.512555e-04,   2.1807e-03
    108.00,     157.98,   1.375149e-04,   1.9946e-03
    109.00,     157.09,   1.250226e-04,   1.8237e-03
    110.00,     156.27,   1.136651e-04,   1.6666e-03
    111.00,     155.54,   1.033394e-04,   1.5224e-03
    112.00,     154.89,   9.395164e-05,   1.3899e-03
    113.00,     154.33,   8.541674e-05,   1.2682e-03
    114.00,     153.86,   7.765718e-05,   1.1566e-03
    115.00,     153.47,   7.060252e-05,   1.0541e-03
    116.00,     153.19,   6.418874e-05,   9.6016e-04
    117.00,     152.99,   5.835761e-05,   8.7404e-04
    118.00,     152.90,   5.305619e-05,   7.9513e-04
    119.00,     152.90,   4.823638e-05,   7.2289e-04
    120.00,     153.00,   4.385442e-05,   6.5679e-04
    121.00,     153.20,   3.987052e-05,   5.9635e-04
    122.00,     153.50,   3.624854e-05,   5.4112e-04
    123.00,     153.89,   3.295560e-05,   4.9070e-04
    124.00,     154.39,   2.996179e-05,   4.4470e-04
    125.00,     154.97,   2.723996e-05,   4.0277e-04
    126.00,     155.66,   2.476538e-05,   3.6457e-04
    127.00,     156.43,   2.251561e-05,   3.2981e-04
    128.00,     157.29,   2.047021e-05,   2.9821e-04
    129.00,     158.24,   1.861062e-05,   2.6949e-04
    130.00,     159.27,   1.691997e-05,   2.4342e-04
    131.00,     160.39,   1.538290e-05,   2.1977e-04
    132.00,     161.58,   1.398546e-05,   1.9834e-04
    133.00,     162.84,   1.271497e-05,   1.7892e-04
    134.00,     164.16,   1.155990e-05,   1.6135e-04
    135.00,     165.56,   1.050976e-05,   1.4546e-04
    136.00,     167.00,   9.555013e-06,   1.3110e-04
    137.00,     168.51,   8.687001e-06,   1.1813e-04
    138.00,     170.06,   7.897843e-06,   1.0642e-04
    139.00,     171.65,   7.180375e-06,   9.5855e-05
    140.00,     173.27,   6.528084e-06,   8.6329e-05
