00001  2016-03-03T23:17:09.324  510319097.508951  6105.882  -75.40  176.76    475460  53.603    47303.35  -99.99    47304.57  -99.99    47305.79  -99.99  287.55  -9.99  287.56  -9.99  287.57  -9.99  1.19148E+25  0.99E+01  100.134   3.691
00002  2016-03-03T23:18:02.776  510319150.961602  6106.961  -73.94  176.45    484860  54.663    39823.02  -99.99    39824.24  -99.99    39825.46  -99.99  284.22  -9.99  284.23  -9.99  284.24  -9.99  1.01484E+25  0.99E+01  100.863   3.712
00003  2016-03-03T23:18:07.671  510319155.855933  6107.084  -73.81  176.42    485932  54.784    39046.91  -99.99    39048.13  -99.99    39049.35  -99.99  284.62  -9.99  284.62  -9.99  284.63  -9.99  9.93668E+24  0.99E+01  100.928   3.714
00004  2016-03-03T23:18:35.490  510319183.675117  6107.208  -73.07  176.28    487012  54.905    38281.30  -99.99    38282.52  -99.99    38283.74  -99.99  285.32  -9.99  285.33  -9.99  285.34  -9.99  9.71766E+24  0.99E+01  101.294   3.723
00005  2016-03-03T23:18:37.831  510319186.016604  6107.323  -73.01  176.27    488014  55.018    37584.09  -99.99    37585.31  -99.99    37586.53  -99.99  284.08  -9.99  284.09  -9.99  284.10  -9.99  9.58239E+24  0.99E+01  101.325   3.724
00006  2016-03-03T23:18:43.917  510319192.102749  6107.438  -72.85  176.24    489015  55.131    36896.74  -99.99    36897.96  -99.99    36899.18  -99.99  282.94  -9.99  282.95  -9.99  282.95  -9.99  9.44526E+24  0.99E+01  101.404   3.726
00007  2016-03-03T23:18:45.965  510319194.150569  6107.552  -72.79  176.23    490008  55.243    36224.75  -99.99    36225.97  -99.99    36227.20  -99.99  281.48  -9.99  281.49  -9.99  281.50  -9.99  9.32106E+24  0.99E+01  101.430   3.727
00008  2016-03-03T23:18:48.423  510319196.608278  6107.666  -72.73  176.22    491001  55.355    35561.76  -99.99    35562.98  -99.99    35564.20  -99.99  280.12  -9.99  280.13  -9.99  280.14  -9.99  9.19490E+24  0.99E+01  101.462   3.727
00009  2016-03-03T23:18:51.727  510319199.912348  6107.780  -72.64  176.21    491993  55.467    34907.83  -99.99    34909.06  -99.99    34910.28  -99.99  278.81  -9.99  278.82  -9.99  278.83  -9.99  9.06829E+24  0.99E+01  101.505   3.729
00010  2016-03-03T23:18:54.426  510319202.611889  6107.894  -72.57  176.19    492986  55.579    34262.90  -99.99    34264.12  -99.99    34265.34  -99.99  277.45  -9.99  277.46  -9.99  277.47  -9.99  8.94447E+24  0.99E+01  101.540   3.729
00011  2016-03-03T23:18:56.781  510319204.966227  6108.007  -72.51  176.18    493970  55.690    33632.47  -99.99    33633.69  -99.99    33634.91  -99.99  276.19  -9.99  276.20  -9.99  276.21  -9.99  8.81983E+24  0.99E+01  101.570   3.730
00012  2016-03-03T23:19:04.545  510319212.730797  6108.121  -72.30  176.15    494963  55.802    33005.45  -99.99    33006.67  -99.99    33007.89  -99.99  274.97  -9.99  274.98  -9.99  274.99  -9.99  8.69389E+24  0.99E+01  101.669   3.732
00013  2016-03-03T23:19:05.275  510319213.460500  6108.234  -72.29  176.14    495947  55.913    32392.49  -99.99    32393.71  -99.99    32394.93  -99.99  273.46  -9.99  273.48  -9.99  273.49  -9.99  8.57939E+24  0.99E+01  101.678   3.733
00014  2016-03-03T23:19:06.005  510319214.190203  6108.346  -72.27  176.14    496922  56.023    31792.78  -99.99    31794.00  -99.99    31795.22  -99.99  271.80  -9.99  271.81  -9.99  271.82  -9.99  8.47210E+24  0.99E+01  101.688   3.733
00015  2016-03-03T23:19:06.734  510319214.919906  6108.458  -72.25  176.14    497897  56.132    31200.74  -99.99    31201.96  -99.99    31203.18  -99.99  270.26  -9.99  270.27  -9.99  270.28  -9.99  8.36166E+24  0.99E+01  101.697   3.733
00016  2016-03-03T23:19:07.464  510319215.649609  6108.571  -72.23  176.13    498881  56.243    30611.45  -99.99    30612.67  -99.99    30613.89  -99.99  268.86  -9.99  268.87  -9.99  268.88  -9.99  8.24659E+24  0.99E+01  101.707   3.733
00017  2016-03-03T23:19:08.194  510319216.379312  6108.684  -72.21  176.13    499864  56.354    30030.69  -99.99    30031.91  -99.99    30033.13  -99.99  267.82  -9.99  267.83  -9.99  267.84  -9.99  8.12159E+24  0.99E+01  101.716   3.733
00018  2016-03-03T23:19:15.703  510319223.888677  6108.799  -72.01  176.10    500866  56.467    29449.05  -99.99    29450.27  -99.99    29451.49  -99.99  267.06  -9.99  267.07  -9.99  267.08  -9.99  7.98688E+24  0.99E+01  101.811   3.736
00019  2016-03-03T23:19:19.197  510319227.382246  6108.912  -71.92  176.08    501849  56.578    28886.51  -99.99    28887.73  -99.99    28888.95  -99.99  265.88  -9.99  265.89  -9.99  265.91  -9.99  7.86897E+24  0.99E+01  101.855   3.737
00020  2016-03-03T23:19:22.965  510319231.150539  6109.025  -71.83  176.07    502833  56.689    28332.22  -99.99    28333.44  -99.99    28334.66  -99.99  264.61  -9.99  264.62  -9.99  264.63  -9.99  7.75515E+24  0.99E+01  101.903   3.738
00021  2016-03-03T23:19:25.278  510319233.463470  6109.137  -71.77  176.06    503808  56.799    27790.64  -99.99    27791.86  -99.99    27793.08  -99.99  263.21  -9.99  263.22  -9.99  263.23  -9.99  7.64741E+24  0.99E+01  101.932   3.739
00022  2016-03-03T23:19:29.715  510319237.900064  6109.249  -71.65  176.04    504783  56.909    27256.58  -99.99    27257.80  -99.99    27259.02  -99.99  261.76  -9.99  261.78  -9.99  261.79  -9.99  7.54182E+24  0.99E+01  101.987   3.740
00023  2016-03-03T23:19:30.079  510319238.264639  6109.360  -71.64  176.04    505749  57.018    26734.71  -99.99    26735.93  -99.99    26737.15  -99.99  260.44  -9.99  260.45  -9.99  260.47  -9.99  7.43492E+24  0.99E+01  101.992   3.740
00024  2016-03-03T23:19:34.885  510319243.070460  6109.473  -71.52  176.02    506732  57.129    26211.43  -99.99    26212.65  -99.99    26213.87  -99.99  259.45  -9.99  259.46  -9.99  259.48  -9.99  7.31726E+24  0.99E+01  102.052   3.741
00025  2016-03-03T23:19:36.684  510319244.869690  6109.585  -71.47  176.01    507707  57.238    25700.51  -99.99    25701.73  -99.99    25702.95  -99.99  257.98  -9.99  258.00  -9.99  258.01  -9.99  7.21547E+24  0.99E+01  102.074   3.742
00026  2016-03-03T23:19:38.117  510319246.302737  6109.696  -71.44  176.00    508673  57.347    25201.19  -99.99    25202.41  -99.99    25203.63  -99.99  256.51  -9.99  256.53  -9.99  256.54  -9.99  7.11581E+24  0.99E+01  102.092   3.742
00027  2016-03-03T23:19:40.710  510319248.895626  6109.807  -71.37  175.99    509639  57.456    24708.84  -99.99    24710.06  -99.99    24711.28  -99.99  255.09  -9.99  255.10  -9.99  255.11  -9.99  7.01577E+24  0.99E+01  102.124   3.743
00028  2016-03-03T23:19:43.135  510319251.320584  6109.917  -71.31  175.98    510596  57.564    24227.77  -99.99    24228.99  -99.99    24230.21  -99.99  253.65  -9.99  253.66  -9.99  253.67  -9.99  6.91821E+24  0.99E+01  102.154   3.744
00029  2016-03-03T23:19:43.621  510319251.806240  6110.028  -71.29  175.98    511562  57.673    23749.22  -99.99    23750.44  -99.99    23751.66  -99.99  252.28  -9.99  252.30  -9.99  252.31  -9.99  6.81828E+24  0.99E+01  102.160   3.744
00030  2016-03-03T23:19:46.437  510319254.622850  6110.139  -71.22  175.97    512528  57.782    23277.59  -99.99    23278.81  -99.99    23280.03  -99.99  250.88  -9.99  250.90  -9.99  250.91  -9.99  6.72014E+24  0.99E+01  102.195   3.744
00031  2016-03-03T23:19:48.157  510319256.342396  6110.250  -71.18  175.96    513494  57.891    22812.81  -99.99    22814.03  -99.99    22815.25  -99.99  249.51  -9.99  249.52  -9.99  249.54  -9.99  6.62227E+24  0.99E+01  102.217   3.745
00032  2016-03-03T23:19:50.624  510319258.809922  6110.361  -71.12  175.95    514460  58.000    22354.99  -99.99    22356.21  -99.99    22357.43  -99.99  248.31  -9.99  248.32  -9.99  248.33  -9.99  6.52076E+24  0.99E+01  102.247   3.746
00033  2016-03-03T23:19:52.738  510319260.923429  6110.472  -71.06  175.94    515426  58.109    21904.11  -99.99    21905.33  -99.99    21906.55  -99.99  246.99  -9.99  247.00  -9.99  247.01  -9.99  6.42344E+24  0.99E+01  102.273   3.746
00034  2016-03-03T23:19:54.362  510319262.547522  6110.583  -71.02  175.94    516391  58.218    21460.14  -99.99    21461.36  -99.99    21462.58  -99.99  245.82  -9.99  245.84  -9.99  245.85  -9.99  6.32300E+24  0.99E+01  102.293   3.747
00035  2016-03-03T23:19:59.346  510319267.531715  6110.694  -70.89  175.92    517357  58.326    21023.01  -99.99    21024.23  -99.99    21025.45  -99.99  244.52  -9.99  244.53  -9.99  244.55  -9.99  6.22729E+24  0.99E+01  102.354   3.748
00036  2016-03-03T23:19:59.703  510319267.888619  6110.804  -70.89  175.91    518314  58.434    20596.38  -99.99    20597.60  -99.99    20598.82  -99.99  243.22  -9.99  243.24  -9.99  243.25  -9.99  6.13334E+24  0.99E+01  102.358   3.748
00037  2016-03-03T23:20:02.104  510319270.289437  6110.915  -70.82  175.91    519280  58.543    20172.53  -99.99    20173.75  -99.99    20174.97  -99.99  242.03  -9.99  242.04  -9.99  242.06  -9.99  6.03683E+24  0.99E+01  102.388   3.749
00038  2016-03-03T23:20:04.804  510319272.989740  6111.025  -70.76  175.89    520236  58.651    19759.09  -99.99    19760.31  -99.99    19761.53  -99.99  240.82  -9.99  240.84  -9.99  240.85  -9.99  5.94269E+24  0.99E+01  102.421   3.749
00039  2016-03-03T23:20:05.108  510319273.293924  6111.135  -70.75  175.89    521193  58.759    19352.03  -99.99    19353.25  -99.99    19354.47  -99.99  239.51  -9.99  239.53  -9.99  239.54  -9.99  5.85207E+24  0.99E+01  102.424   3.749
00040  2016-03-03T23:20:07.664  510319275.849547  6111.245  -70.68  175.88    522150  58.867    18951.30  -99.99    18952.52  -99.99    18953.74  -99.99  238.30  -9.99  238.31  -9.99  238.33  -9.99  5.76019E+24  0.99E+01  102.455   3.750
00041  2016-03-03T23:20:10.400  510319278.585134  6111.355  -70.61  175.87    523107  58.975    18556.83  -99.99    18558.05  -99.99    18559.27  -99.99  237.02  -9.99  237.03  -9.99  237.05  -9.99  5.67072E+24  0.99E+01  102.489   3.751
00042  2016-03-03T23:20:13.164  510319281.349755  6111.465  -70.55  175.86    524064  59.083    18168.54  -99.99    18169.76  -99.99    18170.98  -99.99  235.76  -9.99  235.78  -9.99  235.79  -9.99  5.58163E+24  0.99E+01  102.522   3.752
00043  2016-03-03T23:20:15.399  510319283.584685  6111.575  -70.49  175.85    525020  59.190    17786.29  -99.99    17787.51  -99.99    17788.73  -99.99  234.39  -9.99  234.41  -9.99  234.42  -9.99  5.49611E+24  0.99E+01  102.549   3.752
00044  2016-03-03T23:20:15.843  510319284.028242  6111.684  -70.48  175.85    525968  59.297    17413.39  -99.99    17414.61  -99.99    17415.83  -99.99  233.13  -9.99  233.14  -9.99  233.16  -9.99  5.41007E+24  0.99E+01  102.555   3.752
00045  2016-03-03T23:20:18.676  510319286.861613  6111.793  -70.41  175.84    526916  59.404    17046.29  -99.99    17047.51  -99.99    17048.73  -99.99  231.78  -9.99  231.79  -9.99  231.81  -9.99  5.32690E+24  0.99E+01  102.589   3.753
00046  2016-03-03T23:20:19.809  510319287.994825  6111.902  -70.38  175.84    527864  59.511    16684.80  -99.99    16686.02  -99.99    16687.24  -99.99  230.34  -9.99  230.36  -9.99  230.37  -9.99  5.24649E+24  0.99E+01  102.602   3.753
00047  2016-03-03T23:20:21.653  510319289.838202  6112.012  -70.33  175.83    528821  59.619    16325.80  -99.99    16327.02  -99.99    16328.24  -99.99  229.20  -9.99  229.22  -9.99  229.24  -9.99  5.15902E+24  0.99E+01  102.624   3.754
00048  2016-03-03T23:20:23.368  510319291.553706  6112.121  -70.29  175.82    529769  59.726    15975.86  -99.99    15977.08  -99.99    15978.30  -99.99  227.91  -9.99  227.93  -9.99  227.95  -9.99  5.07701E+24  0.99E+01  102.645   3.754
00049  2016-03-03T23:20:24.607  510319292.791954  6112.230  -70.26  175.82    530717  59.833    15631.43  -99.99    15632.65  -99.99    15633.87  -99.99  226.50  -9.99  226.52  -9.99  226.53  -9.99  4.99858E+24  0.99E+01  102.660   3.754
00050  2016-03-03T23:20:25.491  510319293.676719  6112.338  -70.24  175.82    531656  59.938    15295.51  -99.99    15296.73  -99.99    15297.95  -99.99  225.21  -9.99  225.23  -9.99  225.25  -9.99  4.91910E+24  0.99E+01  102.671   3.755
00051  2016-03-03T23:20:28.318  510319296.503723  6112.448  -70.17  175.81    532612  60.046    14958.96  -99.99    14960.18  -99.99    14961.40  -99.99  223.99  -9.99  224.01  -9.99  224.03  -9.99  4.83702E+24  0.99E+01  102.704   3.755
00052  2016-03-03T23:20:29.941  510319298.126386  6112.556  -70.12  175.80    533551  60.152    14634.01  -99.99    14635.23  -99.99    14636.45  -99.99  222.78  -9.99  222.80  -9.99  222.82  -9.99  4.75777E+24  0.99E+01  102.724   3.756
00053  2016-03-03T23:20:30.326  510319298.511824  6112.665  -70.12  175.80    534499  60.259    14311.45  -99.99    14312.67  -99.99    14313.89  -99.99  221.53  -9.99  221.55  -9.99  221.56  -9.99  4.67920E+24  0.99E+01  102.728   3.756
00054  2016-03-03T23:20:34.369  510319302.554155  6112.774  -70.01  175.78    535447  60.366    13994.33  -99.99    13995.55  -99.99    13996.77  -99.99  220.41  -9.99  220.43  -9.99  220.44  -9.99  4.59878E+24  0.99E+01  102.776   3.757
00055  2016-03-03T23:20:34.861  510319303.046483  6112.882  -70.00  175.78    536386  60.472    13685.45  -99.99    13686.67  -99.99    13687.89  -99.99  219.18  -9.99  219.20  -9.99  219.22  -9.99  4.52237E+24  0.99E+01  102.782   3.757
00056  2016-03-03T23:20:38.314  510319306.499361  6112.991  -69.92  175.77    537333  60.578    13379.08  -99.99    13380.30  -99.99    13381.52  -99.99  218.15  -9.99  218.17  -9.99  218.19  -9.99  4.44205E+24  0.99E+01  102.823   3.758
00057  2016-03-03T23:20:38.444  510319306.629632  6113.099  -69.91  175.77    538272  60.684    13080.67  -99.99    13081.89  -99.99    13083.11  -99.99  216.78  -9.99  216.80  -9.99  216.82  -9.99  4.37043E+24  0.99E+01  102.825   3.758
00058  2016-03-03T23:20:38.574  510319306.759904  6113.208  -69.91  175.77    539220  60.791    12784.67  -99.99    12785.89  -99.99    12787.11  -99.99  215.80  -9.99  215.82  -9.99  215.84  -9.99  4.29098E+24  0.99E+01  102.827   3.758
00059  2016-03-03T23:20:43.512  510319311.697066  6113.318  -69.79  175.75    540176  60.899    12491.75  -99.99    12492.97  -99.99    12494.19  -99.99  215.27  -9.99  215.29  -9.99  215.31  -9.99  4.20290E+24  0.99E+01  102.885   3.759
00060  2016-03-03T23:20:51.396  510319319.581204  6113.426  -69.59  175.72    541114  61.005    12209.61  -99.99    12210.83  -99.99    12212.05  -99.99  214.12  -9.99  214.14  -9.99  214.16  -9.99  4.13006E+24  0.99E+01  102.977   3.761
00061  2016-03-03T23:20:51.431  510319319.616611  6113.533  -69.59  175.72    542044  61.110    11934.70  -99.99    11935.92  -99.99    11937.14  -99.99  212.62  -9.99  212.64  -9.99  212.66  -9.99  4.06560E+24  0.99E+01  102.978   3.761
00062  2016-03-03T23:20:51.467  510319319.652019  6113.640  -69.59  175.72    542974  61.214    11664.09  -99.99    11665.31  -99.99    11666.53  -99.99  211.11  -9.99  211.13  -9.99  211.15  -9.99  4.00189E+24  0.99E+01  102.978   3.761
00063  2016-03-03T23:20:51.502  510319319.687426  6113.747  -69.59  175.72    543904  61.319    11397.88  -99.99    11399.10  -99.99    11400.32  -99.99  209.79  -9.99  209.82  -9.99  209.84  -9.99  3.93500E+24  0.99E+01  102.979   3.761
00064  2016-03-03T23:20:51.537  510319319.722834  6113.855  -69.59  175.72    544843  61.425    11133.86  -99.99    11135.08  -99.99    11136.30  -99.99  208.71  -9.99  208.73  -9.99  208.75  -9.99  3.86387E+24  0.99E+01  102.979   3.761
00065  2016-03-03T23:20:51.573  510319319.758241  6113.963  -69.59  175.72    545782  61.531    10874.80  -99.99    10876.02  -99.99    10877.24  -99.99  207.89  -9.99  207.91  -9.99  207.93  -9.99  3.78886E+24  0.99E+01  102.980   3.761
00066  2016-03-03T23:20:51.608  510319319.793648  6114.071  -69.59  175.72    546720  61.637    10620.67  -99.99    10621.90  -99.99    10623.12  -99.99  206.89  -9.99  206.91  -9.99  206.93  -9.99  3.71821E+24  0.99E+01  102.980   3.761
00067  2016-03-03T23:20:51.644  510319319.829056  6114.180  -69.59  175.72    547668  61.744    10369.20  -99.99    10370.42  -99.99    10371.64  -99.99  206.18  -9.99  206.20  -9.99  206.23  -9.99  3.64265E+24  0.99E+01  102.981   3.761
00068  2016-03-03T23:20:51.679  510319319.864463  6114.288  -69.59  175.72    548606  61.849    10125.31  -99.99    10126.53  -99.99    10127.75  -99.99  205.85  -9.99  205.88  -9.99  205.90  -9.99  3.56262E+24  0.99E+01  102.981   3.761
00069  2016-03-03T23:20:51.714  510319319.899871  6114.397  -69.59  175.72    549553  61.956     9884.48  -99.99     9885.70  -99.99     9886.92  -99.99  205.29  -9.99  205.32  -9.99  205.34  -9.99  3.48735E+24  0.99E+01  102.982   3.761
00070  2016-03-03T23:20:51.750  510319319.935278  6114.506  -69.58  175.72    550500  62.063     9648.95  -99.99     9650.17  -99.99     9651.39  -99.99  205.10  -9.99  205.12  -9.99  205.15  -9.99  3.40747E+24  0.99E+01  102.982   3.761
00071  2016-03-03T23:20:51.785  510319319.970685  6114.616  -69.58  175.72    551456  62.171     9417.10  -99.99     9418.32  -99.99     9419.54  -99.99  205.54  -9.99  205.56  -9.99  205.59  -9.99  3.31849E+24  0.99E+01  102.983   3.761
00072  2016-03-03T23:20:54.611  510319322.796073  6114.727  -69.51  175.71    552420  62.279     9189.73  -99.99     9190.95  -99.99     9192.17  -99.99  206.83  -9.99  206.85  -9.99  206.88  -9.99  3.21818E+24  0.99E+01  103.016   3.762
00073  2016-03-03T23:21:00.864  510319329.049769  6114.838  -69.36  175.69    553385  62.388     8969.51  -99.99     8970.73  -99.99     8971.95  -99.99  208.69  -9.99  208.72  -9.99  208.75  -9.99  3.11299E+24  0.99E+01  103.089   3.763
00074  2016-03-03T23:21:05.735  510319333.920180  6114.950  -69.24  175.67    554358  62.498     8754.64  -99.99     8755.86  -99.99     8757.08  -99.99  210.69  -9.99  210.72  -9.99  210.75  -9.99  3.00954E+24  0.99E+01  103.145   3.764
00075  2016-03-03T23:21:08.695  510319336.880306  6115.062  -69.17  175.66    555331  62.608     8547.43  -99.99     8548.65  -99.99     8549.87  -99.99  213.85  -9.99  213.88  -9.99  213.91  -9.99  2.89492E+24  0.99E+01  103.179   3.765
00076  2016-03-03T23:21:17.204  510319345.389053  6115.175  -68.96  175.63    556313  62.718     8346.53  -99.99     8347.75  -99.99     8348.97  -99.99  217.50  -9.99  217.54  -9.99  217.57  -9.99  2.77941E+24  0.99E+01  103.277   3.767
00077  2016-03-03T23:21:22.370  510319350.555145  6115.284  -68.84  175.61    557260  62.825     8159.27  -99.99     8160.49  -99.99     8161.71  -99.99  218.56  -9.99  218.59  -9.99  218.62  -9.99  2.70394E+24  0.99E+01  103.336   3.768
00078  2016-03-03T23:21:23.527  510319351.712067  6115.391  -68.81  175.61    558189  62.930     7980.21  -99.99     7981.43  -99.99     7982.65  -99.99  219.16  -9.99  219.19  -9.99  219.23  -9.99  2.63735E+24  0.99E+01  103.349   3.769
00079  2016-03-03T23:21:25.071  510319353.256376  6115.498  -68.77  175.60    559118  63.035     7805.63  -99.99     7806.85  -99.99     7808.07  -99.99  219.94  -9.99  219.97  -9.99  220.01  -9.99  2.57053E+24  0.99E+01  103.367   3.769
00080  2016-03-03T23:21:26.318  510319354.503312  6115.605  -68.74  175.60    560048  63.139     7635.33  -99.99     7636.55  -99.99     7637.77  -99.99  220.34  -9.99  220.37  -9.99  220.41  -9.99  2.50989E+24  0.99E+01  103.381   3.769
00081  2016-03-03T23:21:28.604  510319356.789541  6115.712  -68.69  175.59    560977  63.244     7469.24  -99.99     7470.46  -99.99     7471.68  -99.99  221.26  -9.99  221.29  -9.99  221.33  -9.99  2.44510E+24  0.99E+01  103.407   3.770
00082  2016-03-03T23:21:34.732  510319362.917808  6115.820  -68.54  175.57    561915  63.350     7306.15  -99.99     7307.37  -99.99     7308.59  -99.99  222.76  -9.99  222.79  -9.99  222.83  -9.99  2.37560E+24  0.99E+01  103.477   3.771
00083  2016-03-03T23:21:37.283  510319365.468766  6115.927  -68.48  175.56    562844  63.455     7148.91  -99.99     7150.13  -99.99     7151.35  -99.99  223.61  -9.99  223.65  -9.99  223.69  -9.99  2.31555E+24  0.99E+01  103.505   3.772
00084  2016-03-03T23:21:37.857  510319366.042543  6116.032  -68.46  175.56    563756  63.557     6998.11  -99.99     6999.34  -99.99     7000.56  -99.99  223.35  -9.99  223.39  -9.99  223.43  -9.99  2.26934E+24  0.99E+01  103.512   3.772
00085  2016-03-03T23:21:38.913  510319367.098382  6116.137  -68.44  175.56    564668  63.660     6850.38  -99.99     6851.60  -99.99     6852.82  -99.99  223.22  -9.99  223.26  -9.99  223.30  -9.99  2.22274E+24  0.99E+01  103.524   3.772
00086  2016-03-03T23:21:40.631  510319368.816909  6116.242  -68.40  175.55    565580  63.763     6705.75  -99.99     6706.97  -99.99     6708.19  -99.99  223.32  -9.99  223.36  -9.99  223.40  -9.99  2.17486E+24  0.99E+01  103.543   3.772
00087  2016-03-03T23:21:43.003  510319371.188052  6116.347  -68.34  175.54    566492  63.866     6564.20  -99.99     6565.42  -99.99     6566.64  -99.99  223.28  -9.99  223.32  -9.99  223.36  -9.99  2.12935E+24  0.99E+01  103.570   3.773
00088  2016-03-03T23:21:43.934  510319372.119771  6116.452  -68.32  175.54    567404  63.969     6425.46  -99.99     6426.68  -99.99     6427.90  -99.99  222.73  -9.99  222.77  -9.99  222.81  -9.99  2.08953E+24  0.99E+01  103.580   3.773
00089  2016-03-03T23:21:45.091  510319373.276486  6116.556  -68.29  175.54    568307  64.070     6290.62  -99.99     6291.84  -99.99     6293.06  -99.99  222.21  -9.99  222.25  -9.99  222.29  -9.99  2.05044E+24  0.99E+01  103.593   3.773
00090  2016-03-03T23:21:45.657  510319373.842284  6116.660  -68.28  175.54    569210  64.172     6158.27  -99.99     6159.49  -99.99     6160.71  -99.99  221.57  -9.99  221.61  -9.99  221.65  -9.99  2.01311E+24  0.99E+01  103.600   3.774
00091  2016-03-03T23:21:46.484  510319374.669337  6116.764  -68.26  175.53    570113  64.274     6028.36  -99.99     6029.58  -99.99     6030.80  -99.99  221.01  -9.99  221.06  -9.99  221.10  -9.99  1.97559E+24  0.99E+01  103.609   3.774
00092  2016-03-03T23:21:46.774  510319374.959107  6116.868  -68.25  175.53    571016  64.376     5900.88  -99.99     5902.10  -99.99     5903.32  -99.99  220.43  -9.99  220.48  -9.99  220.52  -9.99  1.93892E+24  0.99E+01  103.612   3.774
00093  2016-03-03T23:21:47.152  510319375.337536  6116.972  -68.24  175.53    571919  64.478     5775.84  -99.99     5777.06  -99.99     5778.28  -99.99  220.12  -9.99  220.16  -9.99  220.21  -9.99  1.90054E+24  0.99E+01  103.617   3.774
00094  2016-03-03T23:21:47.924  510319376.109859  6117.077  -68.22  175.53    572830  64.580     5652.18  -99.99     5653.40  -99.99     5654.62  -99.99  220.03  -9.99  220.08  -9.99  220.13  -9.99  1.86054E+24  0.99E+01  103.625   3.774
00095  2016-03-03T23:21:48.529  510319376.714658  6117.181  -68.21  175.53    573733  64.682     5532.32  -99.99     5533.54  -99.99     5534.76  -99.99  220.13  -9.99  220.18  -9.99  220.23  -9.99  1.82028E+24  0.99E+01  103.632   3.774
00096  2016-03-03T23:21:48.889  510319377.074713  6117.286  -68.20  175.53    574645  64.785     5414.03  -99.99     5415.25  -99.99     5416.47  -99.99  220.58  -9.99  220.63  -9.99  220.68  -9.99  1.77776E+24  0.99E+01  103.636   3.774
00097  2016-03-03T23:21:52.224  510319380.409381  6117.391  -68.12  175.52    575556  64.888     5298.66  -99.99     5299.88  -99.99     5301.10  -99.99  221.64  -9.99  221.69  -9.99  221.75  -9.99  1.73151E+24  0.99E+01  103.674   3.775
00098  2016-03-03T23:21:52.618  510319380.803500  6117.496  -68.11  175.51    576468  64.990     5186.22  -99.99     5187.44  -99.99     5188.66  -99.99  222.44  -9.99  222.49  -9.99  222.54  -9.99  1.68871E+24  0.99E+01  103.678   3.775
00099  2016-03-03T23:21:53.088  510319381.273349  6117.600  -68.10  175.51    577370  65.092     5077.57  -99.99     5078.80  -99.99     5080.02  -99.99  223.14  -9.99  223.19  -9.99  223.24  -9.99  1.64817E+24  0.99E+01  103.683   3.775
00100  2016-03-03T23:21:55.041  510319383.226786  6117.705  -68.05  175.51    578282  65.195     4970.70  -99.99     4971.92  -99.99     4973.14  -99.99  224.58  -9.99  224.63  -9.99  224.69  -9.99  1.60312E+24  0.99E+01  103.705   3.776
00101  2016-03-03T23:21:57.753  510319385.938431  6117.810  -67.99  175.50    579193  65.298     4866.80  -99.99     4868.02  -99.99     4869.24  -99.99  226.30  -9.99  226.35  -9.99  226.41  -9.99  1.55769E+24  0.99E+01  103.735   3.776
00102  2016-03-03T23:21:58.693  510319386.878805  6117.914  -67.97  175.49    580096  65.400     4766.56  -99.99     4767.78  -99.99     4769.00  -99.99  226.94  -9.99  227.00  -9.99  227.05  -9.99  1.52129E+24  0.99E+01  103.746   3.776
00103  2016-03-03T23:21:59.941  510319388.126043  6118.019  -67.94  175.49    581007  65.502     4667.77  -99.99     4668.99  -99.99     4670.21  -99.99  227.76  -9.99  227.82  -9.99  227.88  -9.99  1.48441E+24  0.99E+01  103.759   3.777
00104  2016-03-03T23:22:01.320  510319389.505409  6118.122  -67.90  175.49    581901  65.603     4573.20  -99.99     4574.42  -99.99     4575.64  -99.99  228.65  -9.99  228.71  -9.99  228.77  -9.99  1.44864E+24  0.99E+01  103.775   3.777
00105  2016-03-03T23:22:01.800  510319389.985320  6118.226  -67.89  175.49    582804  65.705     4480.03  -99.99     4481.25  -99.99     4482.47  -99.99  229.55  -9.99  229.61  -9.99  229.67  -9.99  1.41358E+24  0.99E+01  103.780   3.777
00106  2016-03-03T23:22:03.939  510319392.124453  6118.331  -67.84  175.48    583715  65.808     4388.37  -99.99     4389.59  -99.99     4390.81  -99.99  231.08  -9.99  231.14  -9.99  231.20  -9.99  1.37551E+24  0.99E+01  103.804   3.777
00107  2016-03-03T23:22:06.248  510319394.433419  6118.434  -67.79  175.47    584609  65.908     4300.79  -99.99     4302.01  -99.99     4303.23  -99.99  232.30  -9.99  232.37  -9.99  232.44  -9.99  1.34093E+24  0.99E+01  103.829   3.778
00108  2016-03-03T23:22:07.534  510319395.719914  6118.538  -67.76  175.47    585511  66.010     4214.56  -99.99     4215.78  -99.99     4217.00  -99.99  233.32  -9.99  233.38  -9.99  233.45  -9.99  1.30834E+24  0.99E+01  103.843   3.778
00109  2016-03-03T23:22:08.491  510319396.676742  6118.641  -67.73  175.46    586405  66.111     4131.10  -99.99     4132.32  -99.99     4133.54  -99.99  233.61  -9.99  233.68  -9.99  233.75  -9.99  1.28083E+24  0.99E+01  103.854   3.778
00110  2016-03-03T23:22:09.562  510319397.747133  6118.744  -67.71  175.46    587299  66.212     4049.37  -99.99     4050.59  -99.99     4051.81  -99.99  233.78  -9.99  233.85  -9.99  233.92  -9.99  1.25456E+24  0.99E+01  103.866   3.779
00111  2016-03-03T23:22:10.069  510319398.254836  6118.847  -67.70  175.46    588193  66.312     3969.28  -99.99     3970.49  -99.99     3971.72  -99.99  233.68  -9.99  233.76  -9.99  233.83  -9.99  1.23026E+24  0.99E+01  103.871   3.779
00112  2016-03-03T23:22:10.623  510319398.808798  6118.949  -67.68  175.46    589078  66.412     3891.52  -99.99     3892.74  -99.99     3893.96  -99.99  233.77  -9.99  233.84  -9.99  233.91  -9.99  1.20573E+24  0.99E+01  103.877   3.779
00113  2016-03-03T23:22:11.039  510319399.224916  6119.052  -67.67  175.46    589971  66.513     3814.60  -99.99     3815.82  -99.99     3817.04  -99.99  234.01  -9.99  234.08  -9.99  234.16  -9.99  1.18068E+24  0.99E+01  103.882   3.779
00114  2016-03-03T23:22:12.062  510319400.247296  6119.155  -67.65  175.45    590865  66.614     3739.34  -99.99     3740.56  -99.99     3741.78  -99.99  234.58  -9.99  234.66  -9.99  234.74  -9.99  1.15454E+24  0.99E+01  103.893   3.779
00115  2016-03-03T23:22:12.760  510319400.944999  6119.258  -67.63  175.45    591758  66.714     3665.71  -99.99     3666.93  -99.99     3668.16  -99.99  235.00  -9.99  235.08  -9.99  235.16  -9.99  1.12980E+24  0.99E+01  103.901   3.779
00116  2016-03-03T23:22:13.329  510319401.514180  6119.361  -67.62  175.45    592652  66.815     3593.69  -99.99     3594.91  -99.99     3596.13  -99.99  235.56  -9.99  235.64  -9.99  235.72  -9.99  1.10496E+24  0.99E+01  103.907   3.779
00117  2016-03-03T23:22:14.146  510319402.331287  6119.463  -67.60  175.45    593537  66.915     3523.99  -99.99     3525.21  -99.99     3526.43  -99.99  236.54  -9.99  236.62  -9.99  236.71  -9.99  1.07905E+24  0.99E+01  103.916   3.780
00118  2016-03-03T23:22:15.181  510319403.366258  6119.566  -67.58  175.44    594430  67.016     3455.31  -99.99     3456.53  -99.99     3457.75  -99.99  237.82  -9.99  237.91  -9.99  237.99  -9.99  1.05231E+24  0.99E+01  103.928   3.780
00119  2016-03-03T23:22:17.221  510319405.406788  6119.669  -67.53  175.44    595324  67.116     3388.32  -99.99     3389.54  -99.99     3390.76  -99.99  239.09  -9.99  239.18  -9.99  239.26  -9.99  1.02645E+24  0.99E+01  103.950   3.780
00120  2016-03-03T23:22:17.781  510319405.966261  6119.772  -67.52  175.44    596217  67.217     3322.83  -99.99     3324.05  -99.99     3325.27  -99.99  239.28  -9.99  239.37  -9.99  239.45  -9.99  1.00582E+24  0.99E+01  103.956   3.780
00121  2016-03-03T23:22:18.932  510319407.117399  6119.874  -67.49  175.43    597102  67.317     3259.30  -99.99     3260.52  -99.99     3261.74  -99.99  239.63  -9.99  239.72  -9.99  239.81  -9.99  9.85137E+23  0.99E+01  103.969   3.780
00122  2016-03-03T23:22:19.456  510319407.641687  6119.989  -67.48  175.43    598100  67.429     3189.16  -99.99     3190.38  -99.99     3191.60  -99.99  239.50  -9.99  239.59  -9.99  239.68  -9.99  9.64475E+23  0.99E+01  103.974   3.781
00123  2016-03-03T23:22:19.981  510319408.165975  6120.068  -67.46  175.43    598785  67.506     3141.85  -99.99     3143.07  -99.99     3144.29  -99.99  239.58  -9.99  239.68  -9.99  239.77  -9.99  9.49825E+23  0.99E+01  103.980   3.781
00124  2016-03-03T23:22:20.505  510319408.690263  6120.097  -67.45  175.43    599036  67.535     3124.67  -99.99     3125.89  -99.99     3127.11  -99.99  239.67  -9.99  239.77  -9.99  239.86  -9.99  9.44269E+23  0.99E+01  103.986   3.781
00125  2016-03-03T23:22:21.029  510319409.214551  6120.227  -67.44  175.43    600164  67.662     3048.72  -99.99     3049.94  -99.99     3051.16  -99.99  239.10  -9.99  239.20  -9.99  239.29  -9.99  9.23524E+23  0.99E+01  103.992   3.781
00126  2016-03-03T23:22:21.553  510319409.738839  6120.312  -67.43  175.43    600901  67.745     2999.97  -99.99     3001.19  -99.99     3002.41  -99.99  238.81  -9.99  238.90  -9.99  239.00  -9.99  9.09884E+23  0.99E+01  103.997   3.781
00127  2016-03-03T23:22:22.078  510319410.263127  6120.498  -67.41  175.42    602514  67.927     2895.76  -99.99     2896.97  -99.99     2898.20  -99.99  237.94  -9.99  238.04  -9.99  238.14  -9.99  8.81457E+23  0.99E+01  104.003   3.781
00128  2016-03-03T23:22:22.602  510319410.787415  6120.573  -67.40  175.42    603164  68.000     2854.68  -99.99     2855.90  -99.99     2857.12  -99.99  237.79  -9.99  237.89  -9.99  237.99  -9.99  8.69529E+23  0.99E+01  104.009   3.781
00129  2016-03-03T23:22:23.126  510319411.311703  6120.710  -67.39  175.42    604352  68.134     2781.05  -99.99     2782.27  -99.99     2783.49  -99.99  237.27  -9.99  237.37  -9.99  237.48  -9.99  8.48943E+23  0.99E+01  104.015   3.781
00130  2016-03-03T23:22:23.651  510319411.835991  6120.821  -67.38  175.42    605315  68.243     2722.68  -99.99     2723.90  -99.99     2725.12  -99.99  236.91  -9.99  237.02  -9.99  237.12  -9.99  8.32382E+23  0.99E+01  104.020   3.781
00131  2016-03-03T23:22:24.175  510319412.360279  6120.970  -67.37  175.42    606607  68.388     2646.12  -99.99     2647.34  -99.99     2648.56  -99.99  236.43  -9.99  236.53  -9.99  236.64  -9.99  8.10641E+23  0.99E+01  104.026   3.781
00132  2016-03-03T23:22:24.699  510319412.884567  6121.121  -67.35  175.42    607916  68.536     2570.67  -99.99     2571.89  -99.99     2573.11  -99.99  236.54  -9.99  236.66  -9.99  236.77  -9.99  7.87134E+23  0.99E+01  104.032   3.782
00133  2016-03-03T23:22:25.223  510319413.408855  6121.099  -67.34  175.42    607725  68.514     2581.53  -99.99     2582.75  -99.99     2583.97  -99.99  236.71  -9.99  236.83  -9.99  236.94  -9.99  7.89891E+23  0.99E+01  104.038   3.782
00134  2016-03-03T23:22:25.748  510319413.933143  6121.257  -67.33  175.41    609095  68.669     2504.46  -99.99     2505.68  -99.99     2506.90  -99.99  235.63  -9.99  235.75  -9.99  235.86  -9.99  7.69831E+23  0.99E+01  104.043   3.782
00135  2016-03-03T23:22:26.272  510319414.457431  6121.512  -67.32  175.41    611306  68.918     2384.26  -99.99     2385.48  -99.99     2386.70  -99.99  234.11  -9.99  234.23  -9.99  234.35  -9.99  7.37640E+23  0.99E+01  104.049   3.782
00136  2016-03-03T23:22:26.796  510319414.981719  6121.674  -67.30  175.41    612710  69.076     2310.62  -99.99     2311.84  -99.99     2313.06  -99.99  233.65  -9.99  233.78  -9.99  233.90  -9.99  7.16255E+23  0.99E+01  104.055   3.782
00137  2016-03-03T23:22:27.321  510319415.506007  6121.936  -67.29  175.41    614981  69.332     2196.41  -99.99     2197.63  -99.99     2198.85  -99.99  234.62  -9.99  234.75  -9.99  234.88  -9.99  6.78050E+23  0.99E+01  104.061   3.782
00138  2016-03-03T23:22:27.845  510319416.030295  6121.910  -67.28  175.41    614756  69.307     2207.47  -99.99     2208.69  -99.99     2209.91  -99.99  234.56  -9.99  234.69  -9.99  234.82  -9.99  6.81644E+23  0.99E+01  104.067   3.782
00139  2016-03-03T23:22:28.369  510319416.554583  6121.996  -67.27  175.41    615502  69.391     2171.13  -99.99     2172.35  -99.99     2173.57  -99.99  234.78  -9.99  234.92  -9.99  235.05  -9.99  6.69778E+23  0.99E+01  104.072   3.782
00140  2016-03-03T23:22:28.893  510319417.078871  6122.099  -67.26  175.41    616394  69.492     2128.44  -99.99     2129.66  -99.99     2130.88  -99.99  234.99  -9.99  235.12  -9.99  235.26  -9.99  6.56044E+23  0.99E+01  104.078   3.782
00141  2016-03-03T23:22:29.418  510319417.603159  6122.179  -67.24  175.40    617088  69.570     2095.88  -99.99     2097.10  -99.99     2098.32  -99.99  235.08  -9.99  235.22  -9.99  235.36  -9.99  6.45740E+23  0.99E+01  104.084   3.782
00142  2016-03-03T23:22:29.942  510319418.127447  6122.323  -67.23  175.40    618336  69.711     2038.52  -99.99     2039.74  -99.99     2040.96  -99.99  234.89  -9.99  235.04  -9.99  235.18  -9.99  6.28574E+23  0.99E+01  104.090   3.782
00143  2016-03-03T23:22:30.466  510319418.651735  6122.415  -67.22  175.40    619133  69.801     2002.69  -99.99     2003.91  -99.99     2005.13  -99.99  234.94  -9.99  235.08  -9.99  235.23  -9.99  6.17403E+23  0.99E+01  104.095   3.783
00144  2016-03-03T23:22:30.991  510319419.176023  6122.469  -67.21  175.40    619601  69.853     1981.95  -99.99     1983.17  -99.99     1984.39  -99.99  234.91  -9.99  235.06  -9.99  235.20  -9.99  6.11080E+23  0.99E+01  104.101   3.783
00145  2016-03-03T23:22:31.515  510319419.700311  6122.691  -67.19  175.40    621525  70.070     1898.61  -99.99     1899.83  -99.99     1901.05  -99.99  233.05  -9.99  233.20  -9.99  233.35  -9.99  5.90069E+23  0.99E+01  104.107   3.783
00146  2016-03-03T23:22:32.039  510319420.224599  6122.933  -67.18  175.40    623622  70.307     1811.09  -99.99     1812.31  -99.99     1813.53  -99.99  231.31  -9.99  231.47  -9.99  231.62  -9.99  5.67095E+23  0.99E+01  104.112   3.783
00147  2016-03-03T23:22:32.563  510319420.748887  6123.105  -67.17  175.40    625112  70.475     1751.01  -99.99     1752.23  -99.99     1753.45  -99.99  230.33  -9.99  230.49  -9.99  230.66  -9.99  5.50610E+23  0.99E+01  104.118   3.783
00148  2016-03-03T23:22:33.088  510319421.273175  6123.348  -67.16  175.40    627218  70.712     1669.12  -99.99     1670.34  -99.99     1671.56  -99.99  229.03  -9.99  229.20  -9.99  229.36  -9.99  5.27849E+23  0.99E+01  104.124   3.783
00149  2016-03-03T23:22:33.612  510319421.797463  6123.477  -67.15  175.39    628335  70.838     1627.06  -99.99     1628.28  -99.99     1629.50  -99.99  228.61  -9.99  228.79  -9.99  228.96  -9.99  5.15481E+23  0.99E+01  104.130   3.783
00150  2016-03-03T23:22:34.136  510319422.321751  6123.700  -67.13  175.39    630267  71.056     1556.61  -99.99     1557.83  -99.99     1559.05  -99.99  227.51  -9.99  227.69  -9.99  227.87  -9.99  4.95548E+23  0.99E+01  104.136   3.783
00151  2016-03-03T23:22:34.661  510319422.846039  6123.870  -67.12  175.39    631740  71.222     1504.79  -99.99     1506.01  -99.99     1507.23  -99.99  226.97  -9.99  227.15  -9.99  227.34  -9.99  4.80200E+23  0.99E+01  104.141   3.783
00152  2016-03-03T23:22:35.185  510319423.370327  6124.024  -67.11  175.39    633074  71.372     1459.22  -99.99     1460.44  -99.99     1461.66  -99.99  226.42  -9.99  226.61  -9.99  226.80  -9.99  4.66786E+23  0.99E+01  104.147   3.783
00153  2016-03-03T23:22:35.709  510319423.894615  6124.254  -67.10  175.39    635066  71.597     1393.49  -99.99     1394.71  -99.99     1395.93  -99.99  225.29  -9.99  225.49  -9.99  225.69  -9.99  4.47997E+23  0.99E+01  104.153   3.783
00154  2016-03-03T23:22:36.233  510319424.418903  6124.422  -67.08  175.39    636521  71.761     1347.19  -99.99     1348.42  -99.99     1349.64  -99.99  224.71  -9.99  224.92  -9.99  225.12  -9.99  4.34228E+23  0.99E+01  104.159   3.784
00155  2016-03-03T23:22:36.758  510319424.943191  6124.595  -67.07  175.39    638020  71.930     1300.99  -99.99     1302.21  -99.99     1303.43  -99.99  223.90  -9.99  224.11  -9.99  224.32  -9.99  4.20864E+23  0.99E+01  104.164   3.784
00156  2016-03-03T23:22:37.282  510319425.467479  6124.845  -67.06  175.39    640184  72.174     1236.66  -99.99     1237.88  -99.99     1239.10  -99.99  222.29  -9.99  222.50  -9.99  222.72  -9.99  4.02951E+23  0.99E+01  104.170   3.784
00157  2016-03-03T23:22:37.806  510319425.991767  6125.047  -67.05  175.38    641934  72.371     1186.71  -99.99     1187.93  -99.99     1189.15  -99.99  221.06  -9.99  221.29  -9.99  221.52  -9.99  3.88812E+23  0.99E+01  104.176   3.784
00158  2016-03-03T23:22:38.331  510319426.516055  6125.351  -67.04  175.38    644566  72.668     1114.77  -99.99     1115.99  -99.99     1117.21  -99.99  218.88  -9.99  219.12  -9.99  219.36  -9.99  3.68889E+23  0.99E+01  104.182   3.784
00159  2016-03-03T23:22:38.855  510319427.040343  6125.623  -67.02  175.38    646921  72.933     1053.63  -99.99     1054.85  -99.99     1056.08  -99.99  217.45  -9.99  217.70  -9.99  217.95  -9.99  3.50947E+23  0.99E+01  104.188   3.784
00160  2016-03-03T23:22:39.379  510319427.564631  6125.900  -67.01  175.38    649319  73.204      994.51  -99.99      995.73  -99.99      996.95  -99.99  216.54  -9.99  216.80  -9.99  217.07  -9.99  3.32650E+23  0.99E+01  104.193   3.784
00161  2016-03-03T23:22:39.903  510319428.088919  6126.105  -67.00  175.38    651094  73.404      952.81  -99.99      954.03  -99.99      955.25  -99.99  216.39  -9.99  216.67  -9.99  216.95  -9.99  3.18918E+23  0.99E+01  104.199   3.784
00162  2016-03-03T23:22:40.428  510319428.613207  6126.324  -66.99  175.38    652989  73.617      910.17  -99.99      911.39  -99.99      912.61  -99.99  216.36  -9.99  216.65  -9.99  216.94  -9.99  3.04694E+23  0.99E+01  104.205   3.784
00163  2016-03-03T23:22:40.952  510319429.137495  6126.478  -66.97  175.38    654322  73.768      881.34  -99.99      882.56  -99.99      883.78  -99.99  216.41  -9.99  216.71  -9.99  217.01  -9.99  2.94975E+23  0.99E+01  104.211   3.784
00164  2016-03-03T23:22:41.476  510319429.661783  6126.700  -66.96  175.38    656244  73.984      841.29  -99.99      842.51  -99.99      843.73  -99.99  215.34  -9.99  215.65  -9.99  215.96  -9.99  2.82969E+23  0.99E+01  104.216   3.784
00165  2016-03-03T23:22:42.001  510319430.186071  6127.024  -66.95  175.38    659047  74.300      785.65  -99.99      786.87  -99.99      788.09  -99.99  212.90  -9.99  213.23  -9.99  213.56  -9.99  2.67279E+23  0.99E+01  104.222   3.784
00166  2016-03-03T23:22:42.525  510319430.710359  6127.461  -66.94  175.38    662829  74.727      715.53  -99.99      716.75  -99.99      717.97  -99.99  209.96  -9.99  210.32  -9.99  210.68  -9.99  2.46832E+23  0.99E+01  104.228   3.784
00167  2016-03-03T23:22:43.049  510319431.234647  6127.817  -66.93  175.37    665909  75.074      662.67  -99.99      663.89  -99.99      665.11  -99.99  209.61  -9.99  210.00  -9.99  210.38  -9.99  2.28981E+23  0.99E+01  104.234   3.784
00168  2016-03-03T23:22:43.574  510319431.758935  6128.038  -66.91  175.37    667821  75.290      631.89  -99.99      633.11  -99.99      634.33  -99.99  210.49  -9.99  210.90  -9.99  211.31  -9.99  2.17430E+23  0.99E+01  104.240   3.785
00169  2016-03-03T23:22:44.098  510319432.283223  6128.303  -66.90  175.37    670113  75.548      596.99  -99.99      598.21  -99.99      599.43  -99.99  211.26  -9.99  211.69  -9.99  212.13  -9.99  2.04674E+23  0.99E+01  104.245   3.785
00170  2016-03-03T23:22:44.622  510319432.807511  6128.568  -66.89  175.37    672405  75.806      564.16  -99.99      565.38  -99.99      566.60  -99.99  212.24  -9.99  212.70  -9.99  213.16  -9.99  1.92527E+23  0.99E+01  104.251   3.785
00171  2016-03-03T23:22:45.146  510319433.331799  6128.798  -66.88  175.37    674394  76.031      537.24  -99.99      538.46  -99.99      539.68  -99.99  213.04  -9.99  213.53  -9.99  214.01  -9.99  1.82649E+23  0.99E+01  104.257   3.785
00172  2016-03-03T23:22:45.671  510319433.856087  6129.157  -66.87  175.37    677499  76.381      497.85  -99.99      499.07  -99.99      500.29  -99.99  213.24  -9.99  213.76  -9.99  214.29  -9.99  1.69099E+23  0.99E+01  104.263   3.785
00173  2016-03-03T23:22:46.195  510319434.380375  6129.451  -66.85  175.37    680041  76.667      467.84  -99.99      469.07  -99.99      470.29  -99.99  214.25  -9.99  214.81  -9.99  215.37  -9.99  1.58161E+23  0.99E+01  104.269   3.785
00174  2016-03-03T23:22:46.719  510319434.904663  6129.769  -66.84  175.37    682791  76.977      437.55  -99.99      438.77  -99.99      439.99  -99.99  215.11  -9.99  215.71  -9.99  216.31  -9.99  1.47324E+23  0.99E+01  104.274   3.785
00175  2016-03-03T23:22:47.244  510319435.428951  6130.061  -66.83  175.37    685315  77.262      411.54  -99.99      412.76  -99.99      413.99  -99.99  215.51  -9.99  216.15  -9.99  216.78  -9.99  1.38315E+23  0.99E+01  104.280   3.785
00176  2016-03-03T23:22:47.768  510319435.953239  6130.563  -66.82  175.37    689655  77.751      370.33  -99.99      371.55  -99.99      372.77  -99.99  214.58  -9.99  215.29  -9.99  215.99  -9.99  1.25001E+23  0.99E+01  104.286   3.785
00177  2016-03-03T23:22:48.292  510319436.477527  6130.919  -66.81  175.37    692732  78.098      343.69  -99.99      344.91  -99.99      346.13  -99.99  216.32  -9.99  217.09  -9.99  217.86  -9.99  1.15074E+23  0.99E+01  104.292   3.785
00178  2016-03-03T23:22:48.816  510319437.001815  6131.244  -66.79  175.36    695540  78.415      321.22  -99.99      322.44  -99.99      323.66  -99.99  217.95  -9.99  218.78  -9.99  219.60  -9.99  1.06749E+23  0.99E+01  104.298   3.785
00179  2016-03-03T23:22:49.341  510319437.526103  6131.586  -66.78  175.36    698496  78.748      299.23  -99.99      300.45  -99.99      301.67  -99.99  217.70  -9.99  218.59  -9.99  219.48  -9.99  9.95534E+22  0.99E+01  104.304   3.785
00180  2016-03-03T23:22:49.865  510319438.050391  6132.159  -66.77  175.36    703446  79.306      265.31  -99.99      266.53  -99.99      267.75  -99.99  212.57  -9.99  213.55  -9.99  214.53  -9.99  9.04004E+22  0.99E+01  104.310   3.785
00181  2016-03-03T23:22:50.389  510319438.574679  6132.751  -66.76  175.36    708560  79.882      233.61  -99.99      234.83  -99.99      236.05  -99.99  207.64  -9.99  208.72  -9.99  209.81  -9.99  8.14885E+22  0.99E+01  104.316   3.785
00182  2016-03-03T23:22:50.914  510319439.098967  6133.310  -66.75  175.36    713388  80.427      206.61  -99.99      207.83  -99.99      209.05  -99.99  203.36  -9.99  204.56  -9.99  205.76  -9.99  7.35855E+22  0.99E+01  104.322   3.785
00183  2016-03-03T23:22:51.438  510319439.623255  6133.971  -66.73  175.36    719096  81.070      178.02  -99.99      179.24  -99.99      180.46  -99.99  197.56  -9.99  198.92  -9.99  200.27  -9.99  6.52662E+22  0.99E+01  104.328   3.785
00184  2016-03-03T23:22:51.962  510319440.147543  6134.621  -66.72  175.36    724707  81.703      153.26  -99.99      154.48  -99.99      155.70  -99.99  194.40  -9.99  195.94  -9.99  197.49  -9.99  5.71009E+22  0.99E+01  104.334   3.785
00185  2016-03-03T23:22:52.364  510319440.548951  6135.062  -66.71  175.36    728514  82.132      138.35  -99.99      139.57  -99.99      140.79  -99.99  194.50  -9.99  196.22  -9.99  197.93  -9.99  5.15177E+22  0.99E+01  104.338   3.785
00186  2016-03-03T23:22:52.429  510319440.614487  6135.235  -66.71  175.36    730007  82.300      132.91  -99.99      134.13  -99.99      135.35  -99.99  195.05  -9.99  196.85  -9.99  198.64  -9.99  4.93545E+22  0.99E+01  104.339   3.785
00187  2016-03-03T23:22:52.495  510319440.680023  6135.153  -66.71  175.36    729299  82.221      135.46  -99.99      136.68  -99.99      137.90  -99.99  195.52  -9.99  197.28  -9.99  199.04  -9.99  5.01794E+22  0.99E+01  104.340   3.785
00188  2016-03-03T23:22:52.560  510319440.745559  6135.275  -66.71  175.36    730352  82.339      131.69  -99.99      132.91  -99.99      134.13  -99.99  195.01  -9.99  196.81  -9.99  198.62  -9.99  4.89125E+22  0.99E+01  104.341   3.785
00189  2016-03-03T23:22:52.626  510319440.811095  6135.356  -66.71  175.36    731051  82.418      129.25  -99.99      130.47  -99.99      131.69  -99.99  195.26  -9.99  197.11  -9.99  198.95  -9.99  4.79419E+22  0.99E+01  104.341   3.785
00190  2016-03-03T23:22:52.691  510319440.876631  6135.549  -66.70  175.36    732716  82.606      123.61  -99.99      124.83  -99.99      126.06  -99.99  195.32  -9.99  197.25  -9.99  199.18  -9.99  4.58384E+22  0.99E+01  104.342   3.785
00191  2016-03-03T23:22:52.757  510319440.942167  6135.408  -66.70  175.36    731500  82.469      127.70  -99.99      128.92  -99.99      130.14  -99.99  196.49  -9.99  198.36  -9.99  200.24  -9.99  4.70747E+22  0.99E+01  104.343   3.785
00192  2016-03-03T23:22:52.822  510319441.007703  6135.544  -66.70  175.36    732673  82.601      123.76  -99.99      124.98  -99.99      126.20  -99.99  195.35  -9.99  197.28  -9.99  199.20  -9.99  4.58852E+22  0.99E+01  104.344   3.785
00193  2016-03-03T23:22:52.888  510319441.073239  6135.683  -66.70  175.36    733873  82.736      119.85  -99.99      121.07  -99.99      122.29  -99.99  195.44  -9.99  197.43  -9.99  199.42  -9.99  4.44163E+22  0.99E+01  104.344   3.785
00194  2016-03-03T23:22:52.953  510319441.138775  6135.781  -66.70  175.36    734718  82.832      117.18  -99.99      118.40  -99.99      119.62  -99.99  196.71  -9.99  198.76  -9.99  200.81  -9.99  4.31459E+22  0.99E+01  104.345   3.785
00195  2016-03-03T23:22:53.019  510319441.204311  6135.732  -66.70  175.36    734296  82.784      118.51  -99.99      119.73  -99.99      120.95  -99.99  196.93  -9.99  198.96  -9.99  200.98  -9.99  4.35857E+22  0.99E+01  104.346   3.785
00196  2016-03-03T23:22:53.084  510319441.269847  6135.840  -66.70  175.36    735228  82.889      115.61  -99.99      116.83  -99.99      118.05  -99.99  196.59  -9.99  198.66  -9.99  200.74  -9.99  4.25930E+22  0.99E+01  104.347   3.785
00197  2016-03-03T23:22:53.150  510319441.335383  6135.942  -66.69  175.36    736108  82.988      112.93  -99.99      114.15  -99.99      115.38  -99.99  196.93  -9.99  199.06  -9.99  201.19  -9.99  4.15356E+22  0.99E+01  104.347   3.785
00198  2016-03-03T23:22:53.215  510319441.400919  6136.000  -66.69  175.36    736608  83.045      111.45  -99.99      112.67  -99.99      113.89  -99.99  197.62  -9.99  199.78  -9.99  201.94  -9.99  4.08472E+22  0.99E+01  104.348   3.785
00199  2016-03-03T23:22:53.281  510319441.466455  6136.087  -66.69  175.36    737359  83.129      109.27  -99.99      110.49  -99.99      111.71  -99.99  199.28  -9.99  201.51  -9.99  203.74  -9.99  3.97125E+22  0.99E+01  104.349   3.785
00200  2016-03-03T23:22:53.347  510319441.531991  6136.166  -66.69  175.36    738040  83.206      107.32  -99.99      108.54  -99.99      109.76  -99.99  197.66  -9.99  199.91  -9.99  202.16  -9.99  3.93268E+22  0.99E+01  104.350   3.785
00201  2016-03-03T23:22:53.412  510319441.597527  6136.066  -66.69  175.36    737178  83.109      109.79  -99.99      111.01  -99.99      112.23  -99.99  199.78  -9.99  202.00  -9.99  204.22  -9.99  3.98026E+22  0.99E+01  104.350   3.785
00202  2016-03-03T23:22:53.478  510319441.663063  6136.384  -66.69  175.36    739921  83.418      102.12  -99.99      103.34  -99.99      104.56  -99.99  196.57  -9.99  198.92  -9.99  201.27  -9.99  3.76260E+22  0.99E+01  104.351   3.785
00203  2016-03-03T23:22:53.543  510319441.728599  6136.412  -66.68  175.36    740163  83.445      101.47  -99.99      102.69  -99.99      103.91  -99.99  197.30  -9.99  199.67  -9.99  202.04  -9.99  3.72482E+22  0.99E+01  104.352   3.785
00204  2016-03-03T23:22:53.609  510319441.794135  6136.621  -66.68  175.36    741966  83.649       96.74  -99.99       97.96  -99.99       99.18  -99.99  198.00  -9.99  200.49  -9.99  202.99  -9.99  3.53894E+22  0.99E+01  104.353   3.785
00205  2016-03-03T23:22:53.674  510319441.859671  6136.470  -66.68  175.36    740663  83.502      100.13  -99.99      101.35  -99.99      102.57  -99.99  199.42  -9.99  201.85  -9.99  204.28  -9.99  3.63673E+22  0.99E+01  104.353   3.785
00206  2016-03-03T23:22:53.740  510319441.925207  6136.516  -66.68  175.36    741060  83.546       99.09  -99.99      100.31  -99.99      101.53  -99.99  199.30  -9.99  201.76  -9.99  204.21  -9.99  3.60087E+22  0.99E+01  104.354   3.785
00207  2016-03-03T23:22:53.805  510319441.990743  6136.733  -66.68  175.36    742932  83.758       94.32  -99.99       95.54  -99.99       96.76  -99.99  199.19  -9.99  201.76  -9.99  204.34  -9.99  3.42974E+22  0.99E+01  104.355   3.785
00208  2016-03-03T23:22:53.871  510319442.056279  6136.716  -66.68  175.36    742785  83.741       94.68  -99.99       95.90  -99.99       97.12  -99.99  199.13  -9.99  201.69  -9.99  204.26  -9.99  3.44401E+22  0.99E+01  104.355   3.785
00209  2016-03-03T23:22:53.936  510319442.121815  6136.762  -66.68  175.36    743182  83.786       93.70  -99.99       94.92  -99.99       96.14  -99.99  199.08  -9.99  201.68  -9.99  204.27  -9.99  3.40907E+22  0.99E+01  104.356   3.785
00210  2016-03-03T23:22:54.002  510319442.187351  6136.899  -66.67  175.36    744364  83.919       90.83  -99.99       92.05  -99.99       93.27  -99.99  197.46  -9.99  200.11  -9.99  202.77  -9.99  3.33167E+22  0.99E+01  104.357   3.785
00211  2016-03-03T23:22:54.067  510319442.252887  6137.028  -66.67  175.36    745476  84.044       88.19  -99.99       89.41  -99.99       90.63  -99.99  197.24  -9.99  199.97  -9.99  202.70  -9.99  3.23857E+22  0.99E+01  104.358   3.785
00212  2016-03-03T23:22:54.133  510319442.318423  6137.049  -66.67  175.36    745658  84.065       87.77  -99.99       88.99  -99.99       90.21  -99.99  197.56  -9.99  200.30  -9.99  203.05  -9.99  3.21795E+22  0.99E+01  104.359   3.785
00213  2016-03-03T23:22:54.199  510319442.383959  6137.228  -66.67  175.36    747202  84.239       84.25  -99.99       85.47  -99.99       86.69  -99.99  196.65  -9.99  199.50  -9.99  202.34  -9.99  3.10317E+22  0.99E+01  104.359   3.785
00214  2016-03-03T23:22:54.264  510319442.449495  6137.306  -66.67  175.36    747874  84.315       82.77  -99.99       83.99  -99.99       85.21  -99.99  199.08  -9.99  202.01  -9.99  204.95  -9.99  3.01137E+22  0.99E+01  104.360   3.785
00215  2016-03-03T23:22:54.330  510319442.515031  6137.304  -66.67  175.36    747857  84.313       82.81  -99.99       84.03  -99.99       85.25  -99.99  199.04  -9.99  201.97  -9.99  204.91  -9.99  3.01324E+22  0.99E+01  104.361   3.785
00216  2016-03-03T23:22:54.395  510319442.580567  6137.333  -66.66  175.36    748107  84.341       82.27  -99.99       83.49  -99.99       84.71  -99.99  199.22  -9.99  202.17  -9.99  205.13  -9.99  2.99094E+22  0.99E+01  104.361   3.785
00217  2016-03-03T23:22:54.461  510319442.646103  6137.498  -66.66  175.36    749530  84.501       79.24  -99.99       80.46  -99.99       81.68  -99.99  197.02  -9.99  200.06  -9.99  203.09  -9.99  2.91281E+22  0.99E+01  104.362   3.785
00218  2016-03-03T23:22:54.526  510319442.711639  6137.596  -66.66  175.36    750375  84.597       77.48  -99.99       78.70  -99.99       79.92  -99.99  197.15  -9.99  200.26  -9.99  203.36  -9.99  2.84642E+22  0.99E+01  104.363   3.785
00219  2016-03-03T23:22:54.592  510319442.777175  6137.633  -66.66  175.36    750694  84.633       76.83  -99.99       78.05  -99.99       79.27  -99.99  197.46  -9.99  200.59  -9.99  203.73  -9.99  2.81814E+22  0.99E+01  104.364   3.785
00220  2016-03-03T23:22:54.657  510319442.842711  6137.752  -66.66  175.36    751721  84.748       74.76  -99.99       75.98  -99.99       77.20  -99.99  196.58  -9.99  199.79  -9.99  203.00  -9.99  2.75461E+22  0.99E+01  104.365   3.785
00221  2016-03-03T23:22:54.723  510319442.908247  6137.819  -66.66  175.36    752298  84.813       73.63  -99.99       74.85  -99.99       76.07  -99.99  196.55  -9.99  199.81  -9.99  203.07  -9.99  2.71309E+22  0.99E+01  104.365   3.785
00222  2016-03-03T23:22:54.788  510319442.973783  6137.902  -66.66  175.36    753014  84.894       72.24  -99.99       73.46  -99.99       74.68  -99.99  195.93  -9.99  199.24  -9.99  202.55  -9.99  2.67036E+22  0.99E+01  104.366   3.785
00223  2016-03-03T23:22:54.854  510319443.039319  6138.056  -66.65  175.36    754342  85.044       69.72  -99.99       70.94  -99.99       72.16  -99.99  195.46  -9.99  198.88  -9.99  202.30  -9.99  2.58354E+22  0.99E+01  104.367   3.785
00224  2016-03-03T23:22:54.919  510319443.104855  6138.082  -66.65  175.36    754566  85.069       69.30  -99.99       70.52  -99.99       71.74  -99.99  196.20  -9.99  199.66  -9.99  203.11  -9.99  2.55835E+22  0.99E+01  104.368   3.785
00225  2016-03-03T23:22:54.985  510319443.170391  6138.125  -66.65  175.36    754937  85.111       68.62  -99.99       69.84  -99.99       71.06  -99.99  196.44  -9.99  199.93  -9.99  203.43  -9.99  2.53021E+22  0.99E+01  104.368   3.785
00226  2016-03-03T23:22:55.050  510319443.235927  6138.166  -66.65  175.36    755290  85.151       67.98  -99.99       69.20  -99.99       70.42  -99.99  195.92  -9.99  199.44  -9.99  202.95  -9.99  2.51314E+22  0.99E+01  104.369   3.785
00227  2016-03-03T23:22:55.116  510319443.301463  6138.488  -66.65  175.36    758067  85.464       63.06  -99.99       64.28  -99.99       65.50  -99.99  190.05  -9.99  193.73  -9.99  197.41  -9.99  2.40314E+22  0.99E+01  104.370   3.785
00228  2016-03-03T23:22:55.182  510319443.366999  6138.525  -66.65  175.36    758386  85.500       62.51  -99.99       63.73  -99.99       64.95  -99.99  190.99  -9.99  194.72  -9.99  198.45  -9.99  2.37054E+22  0.99E+01  104.371   3.785
00229  2016-03-03T23:22:55.247  510319443.432535  6138.502  -66.65  175.36    758187  85.477       62.85  -99.99       64.07  -99.99       65.29  -99.99  191.68  -9.99  195.40  -9.99  199.12  -9.99  2.37483E+22  0.99E+01  104.371   3.785
00230  2016-03-03T23:22:55.313  510319443.498071  6138.715  -66.64  175.36    760024  85.684       59.74  -99.99       60.96  -99.99       62.18  -99.99  186.90  -9.99  190.72  -9.99  194.54  -9.99  2.31514E+22  0.99E+01  104.372   3.785
00231  2016-03-03T23:22:55.378  510319443.563607  6138.828  -66.64  175.36    760998  85.794       58.14  -99.99       59.36  -99.99       60.58  -99.99  186.77  -9.99  190.69  -9.99  194.61  -9.99  2.25445E+22  0.99E+01  104.373   3.785
00232  2016-03-03T23:22:55.444  510319443.629143  6138.863  -66.64  175.36    761299  85.828       57.65  -99.99       58.87  -99.99       60.09  -99.99  187.10  -9.99  191.06  -9.99  195.02  -9.99  2.23166E+22  0.99E+01  104.374   3.785
00233  2016-03-03T23:22:55.509  510319443.694679  6138.986  -66.64  175.36    762360  85.948       55.96  -99.99       57.18  -99.99       58.40  -99.99  185.86  -9.99  189.91  -9.99  193.96  -9.99  2.18082E+22  0.99E+01  104.374   3.785
00234  2016-03-03T23:22:55.575  510319443.760215  6139.036  -66.64  175.36    762791  85.996       55.29  -99.99       56.51  -99.99       57.73  -99.99  185.68  -9.99  189.77  -9.99  193.87  -9.99  2.15662E+22  0.99E+01  104.375   3.785
00235  2016-03-03T23:22:55.640  510319443.825751  6139.229  -66.64  175.36    764454  86.184       52.74  -99.99       53.96  -99.99       55.18  -99.99  183.22  -9.99  187.46  -9.99  191.70  -9.99  2.08494E+22  0.99E+01  104.376   3.785
00236  2016-03-03T23:22:55.706  510319443.891287  6139.295  -66.63  175.36    765023  86.248       51.90  -99.99       53.12  -99.99       54.34  -99.99  184.63  -9.99  188.98  -9.99  193.32  -9.99  2.03579E+22  0.99E+01  104.377   3.785
00237  2016-03-03T23:22:55.771  510319443.956823  6139.278  -66.63  175.36    764876  86.232       52.11  -99.99       53.33  -99.99       54.55  -99.99  185.23  -9.99  189.56  -9.99  193.90  -9.99  2.03772E+22  0.99E+01  104.377   3.785
00238  2016-03-03T23:22:55.837  510319444.022359  6139.570  -66.63  175.36    767393  86.515       48.51  -99.99       49.73  -99.99       50.95  -99.99  181.86  -9.99  186.43  -9.99  191.01  -9.99  1.93197E+22  0.99E+01  104.378   3.785
00239  2016-03-03T23:22:55.902  510319444.087895  6139.529  -66.63  175.36    767040  86.475       49.00  -99.99       50.22  -99.99       51.44  -99.99  182.33  -9.99  186.87  -9.99  191.41  -9.99  1.94654E+22  0.99E+01  104.379   3.785
00240  2016-03-03T23:22:55.968  510319444.153431  6139.708  -66.63  175.36    768582  86.649       46.87  -99.99       48.09  -99.99       49.31  -99.99  179.22  -9.99  183.89  -9.99  188.55  -9.99  1.89403E+22  0.99E+01  104.380   3.785
00241  2016-03-03T23:22:56.034  510319444.218967  6139.615  -66.63  175.36    767781  86.559       47.97  -99.99       49.19  -99.99       50.41  -99.99  183.44  -9.99  188.11  -9.99  192.77  -9.99  1.89401E+22  0.99E+01  104.380   3.785
00242  2016-03-03T23:22:56.099  510319444.284503  6139.988  -66.63  175.36    770995  86.921       43.66  -99.99       44.88  -99.99       46.10  -99.99  174.86  -9.99  179.75  -9.99  184.64  -9.99  1.80848E+22  0.99E+01  104.382   3.785
00243  2016-03-03T23:22:56.165  510319444.350039  6139.985  -66.62  175.36    770970  86.918       43.70  -99.99       44.92  -99.99       46.14  -99.99  174.90  -9.99  179.79  -9.99  184.67  -9.99  1.80953E+22  0.99E+01  104.382   3.785
00244  2016-03-03T23:22:56.230  510319444.415575  6140.123  -66.62  175.36    772159  87.053       42.17  -99.99       43.39  -99.99       44.61  -99.99  175.36  -9.99  180.44  -9.99  185.51  -9.99  1.74185E+22  0.99E+01  104.383   3.785
00245  2016-03-03T23:22:56.296  510319444.481111  6140.101  -66.62  175.36    771969  87.031       42.41  -99.99       43.63  -99.99       44.85  -99.99  176.04  -9.99  181.10  -9.99  186.17  -9.99  1.74500E+22  0.99E+01  104.384   3.785
00246  2016-03-03T23:22:56.361  510319444.546647  6140.272  -66.62  175.36    773442  87.197       40.57  -99.99       41.79  -99.99       43.01  -99.99  171.60  -9.99  176.76  -9.99  181.92  -9.99  1.71255E+22  0.99E+01  104.384   3.785
00247  2016-03-03T23:22:56.427  510319444.612183  6140.396  -66.62  175.36    774511  87.318       39.27  -99.99       40.49  -99.99       41.71  -99.99  169.76  -9.99  175.04  -9.99  180.31  -9.99  1.67540E+22  0.99E+01  104.385   3.785
00248  2016-03-03T23:22:56.492  510319444.677719  6140.504  -66.62  175.36    775441  87.423       38.16  -99.99       39.38  -99.99       40.60  -99.99  168.50  -9.99  173.89  -9.99  179.28  -9.99  1.64013E+22  0.99E+01  104.386   3.785
00249  2016-03-03T23:22:56.558  510319444.743255  6140.720  -66.62  175.36    777302  87.632       36.03  -99.99       37.25  -99.99       38.47  -99.99  171.11  -9.99  176.91  -9.99  182.70  -9.99  1.52512E+22  0.99E+01  104.387   3.785
00250  2016-03-03T23:22:56.623  510319444.808791  6140.679  -66.61  175.36    776949  87.593       36.42  -99.99       37.64  -99.99       38.86  -99.99  171.68  -9.99  177.43  -9.99  183.18  -9.99  1.53658E+22  0.99E+01  104.388   3.785
00251  2016-03-03T23:22:56.689  510319444.874327  6140.688  -66.61  175.36    777027  87.601       36.34  -99.99       37.56  -99.99       38.78  -99.99  172.17  -9.99  177.96  -9.99  183.74  -9.99  1.52854E+22  0.99E+01  104.388   3.785
00252  2016-03-03T23:22:56.754  510319444.939863  6140.863  -66.61  175.36    778534  87.771       34.69  -99.99       35.91  -99.99       37.13  -99.99  167.61  -9.99  173.50  -9.99  179.40  -9.99  1.49898E+22  0.99E+01  104.389   3.785
00253  2016-03-03T23:22:56.820  510319445.005399  6140.928  -66.61  175.36    779094  87.834       34.09  -99.99       35.31  -99.99       36.53  -99.99  166.81  -9.99  172.78  -9.99  178.75  -9.99  1.48007E+22  0.99E+01  104.390   3.785
00254  2016-03-03T23:22:56.886  510319445.070935  6141.126  -66.61  175.36    780800  88.027       32.29  -99.99       33.51  -99.99       34.73  -99.99  163.23  -9.99  169.40  -9.99  175.57  -9.99  1.43295E+22  0.99E+01  104.391   3.785
00255  2016-03-03T23:22:56.951  510319445.136471  6141.142  -66.61  175.36    780938  88.042       32.15  -99.99       33.37  -99.99       34.59  -99.99  163.77  -9.99  169.98  -9.99  176.20  -9.99  1.42205E+22  0.99E+01  104.391   3.785
00256  2016-03-03T23:22:57.017  510319445.202007  6141.294  -66.60  175.36    782247  88.190       30.82  -99.99       32.04  -99.99       33.26  -99.99  159.35  -9.99  165.65  -9.99  171.96  -9.99  1.40091E+22  0.99E+01  104.392   3.785
00257  2016-03-03T23:22:57.082  510319445.267543  6141.536  -66.60  175.36    784331  88.425       28.78  -99.99       30.00  -99.99       31.22  -99.99  158.40  -9.99  165.11  -9.99  171.83  -9.99  1.31587E+22  0.99E+01  104.393   3.785
00258  2016-03-03T23:22:57.148  510319445.333079  6141.526  -66.60  175.36    784245  88.415       28.86  -99.99       30.08  -99.99       31.30  -99.99  158.52  -9.99  165.22  -9.99  171.92  -9.99  1.31866E+22  0.99E+01  104.394   3.785
00259  2016-03-03T23:22:57.213  510319445.398615  6141.653  -66.60  175.36    785339  88.538       27.83  -99.99       29.05  -99.99       30.27  -99.99  157.61  -9.99  164.52  -9.99  171.43  -9.99  1.27909E+22  0.99E+01  104.394   3.785
00260  2016-03-03T23:22:57.279  510319445.464151  6141.797  -66.60  175.36    786579  88.678       26.72  -99.99       27.94  -99.99       29.16  -99.99  159.74  -9.99  167.04  -9.99  174.33  -9.99  1.21154E+22  0.99E+01  104.395   3.785
00261  2016-03-03T23:22:57.344  510319445.529687  6141.752  -66.60  175.36    786192  88.635       27.06  -99.99       28.28  -99.99       29.50  -99.99  160.90  -9.99  168.15  -9.99  175.41  -9.99  1.21821E+22  0.99E+01  104.396   3.785
00262  2016-03-03T23:22:57.410  510319445.595223  6141.880  -66.60  175.36    787294  88.759       26.10  -99.99       27.32  -99.99       28.54  -99.99  157.57  -9.99  164.94  -9.99  172.31  -9.99  1.19963E+22  0.99E+01  104.397   3.785
00263  2016-03-03T23:22:57.475  510319445.660759  6142.138  -66.59  175.36    789516  89.009       24.23  -99.99       25.45  -99.99       26.67  -99.99  154.86  -9.99  162.66  -9.99  170.46  -9.99  1.13325E+22  0.99E+01  104.398   3.785
00264  2016-03-03T23:22:57.541  510319445.726295  6142.050  -66.59  175.36    788758  88.924       24.85  -99.99       26.07  -99.99       27.30  -99.99  157.91  -9.99  165.67  -9.99  173.42  -9.99  1.14000E+22  0.99E+01  104.398   3.785
00265  2016-03-03T23:22:57.606  510319445.791831  6142.267  -66.59  175.36    790626  89.135       23.34  -99.99       24.56  -99.99       25.78  -99.99  153.17  -9.99  161.18  -9.99  169.19  -9.99  1.10355E+22  0.99E+01  104.399   3.785
00266  2016-03-03T23:22:57.672  510319445.857367  6142.311  -66.59  175.36    791005  89.177       23.04  -99.99       24.26  -99.99       25.48  -99.99  153.98  -9.99  162.13  -9.99  170.29  -9.99  1.08368E+22  0.99E+01  104.400   3.785
00267  2016-03-03T23:22:57.737  510319445.922903  6142.435  -66.59  175.36    792073  89.298       22.22  -99.99       23.44  -99.99       24.66  -99.99  154.31  -9.99  162.79  -9.99  171.26  -9.99  1.04284E+22  0.99E+01  104.401   3.785
00268  2016-03-03T23:22:57.803  510319445.988439  6142.440  -66.59  175.36    792116  89.302       22.19  -99.99       23.41  -99.99       24.63  -99.99  154.90  -9.99  163.42  -9.99  171.94  -9.99  1.03742E+22  0.99E+01  104.401   3.785
00269  2016-03-03T23:22:57.869  510319446.053975  6142.631  -66.59  175.36    793760  89.488       20.96  -99.99       22.18  -99.99       23.40  -99.99  147.41  -9.99  155.99  -9.99  164.57  -9.99  1.02985E+22  0.99E+01  104.402   3.785
00270  2016-03-03T23:22:57.934  510319446.119511  6142.798  -66.58  175.36    795198  89.650       19.91  -99.99       21.13  -99.99       22.35  -99.99  144.01  -9.99  152.84  -9.99  161.66  -9.99  1.00124E+22  0.99E+01  104.403   3.785
00271  2016-03-03T23:22:58.000  510319446.185047  6142.893  -66.58  175.36    796016  89.742       19.32  -99.99       20.54  -99.99       21.76  -99.99  143.84  -9.99  152.92  -9.99  162.00  -9.99  9.73076E+21  0.99E+01  104.404   3.785
00272  2016-03-03T23:22:58.065  510319446.250583  6143.005  -66.58  175.36    796980  89.851       18.66  -99.99       19.88  -99.99       21.10  -99.99  144.10  -9.99  153.52  -9.99  162.95  -9.99  9.37888E+21  0.99E+01  104.404   3.785
00273  2016-03-03T23:22:58.131  510319446.316119  6143.044  -66.58  175.36    797316  89.889       18.44  -99.99       19.66  -99.99       20.88  -99.99  144.71  -9.99  154.28  -9.99  163.86  -9.99  9.22739E+21  0.99E+01  104.405   3.785
00274  2016-03-03T23:22:58.196  510319446.381655  6143.213  -66.58  175.36    798771  90.053       17.48  -99.99       18.70  -99.99       19.92  -99.99  141.67  -9.99  151.56  -9.99  161.45  -9.99  8.93775E+21  0.99E+01  104.406   3.785
00275  2016-03-03T23:22:58.262  510319446.447191  6143.258  -66.58  175.36    799158  90.096       17.23  -99.99       18.45  -99.99       19.67  -99.99  142.01  -9.99  152.06  -9.99  162.12  -9.99  8.79020E+21  0.99E+01  104.407   3.785
00276  2016-03-03T23:22:58.327  510319446.512727  6143.441  -66.57  175.36    800733  90.274       16.25  -99.99       17.47  -99.99       18.69  -99.99  137.06  -9.99  147.35  -9.99  157.64  -9.99  8.58613E+21  0.99E+01  104.408   3.785
00277  2016-03-03T23:22:58.393  510319446.578263  6143.647  -66.57  175.36    802506  90.474       15.20  -99.99       16.42  -99.99       17.64  -99.99  139.91  -9.99  151.14  -9.99  162.38  -9.99  7.86651E+21  0.99E+01  104.408   3.785
00278  2016-03-03T23:22:58.458  510319446.643799  6143.699  -66.57  175.36    802954  90.524       14.95  -99.99       16.17  -99.99       17.39  -99.99  145.77  -9.99  157.67  -9.99  169.57  -9.99  7.42732E+21  0.99E+01  104.409   3.785
00279  2016-03-03T23:22:58.524  510319446.709335  6143.678  -66.57  175.36    802773  90.504       15.05  -99.99       16.27  -99.99       17.49  -99.99  145.92  -9.99  157.76  -9.99  169.59  -9.99  7.46833E+21  0.99E+01  104.410   3.785
00280  2016-03-03T23:22:58.589  510319446.774871  6143.780  -66.57  175.36    803651  90.603       14.58  -99.99       15.80  -99.99       17.02  -99.99  144.86  -9.99  156.99  -9.99  169.11  -9.99  7.28896E+21  0.99E+01  104.411   3.785
00281  2016-03-03T23:22:58.655  510319446.840407  6143.963  -66.57  175.36    805226  90.781       13.78  -99.99       15.00  -99.99       16.22  -99.99  148.06  -9.99  161.17  -9.99  174.28  -9.99  6.74151E+21  0.99E+01  104.411   3.785
00282  2016-03-03T23:22:58.721  510319446.905943  6143.958  -66.57  175.36    805183  90.776       13.80  -99.99       15.02  -99.99       16.24  -99.99  148.17  -9.99  161.26  -9.99  174.36  -9.99  6.74706E+21  0.99E+01  104.412   3.785
00283  2016-03-03T23:22:58.786  510319446.971479  6144.092  -66.56  175.36    806336  90.906       13.25  -99.99       14.47  -99.99       15.69  -99.99  147.50  -9.99  161.09  -9.99  174.67  -9.99  6.50670E+21  0.99E+01  104.413   3.785
00284  2016-03-03T23:22:58.852  510319447.037015  6144.117  -66.56  175.36    806551  90.930       13.15  -99.99       14.37  -99.99       15.59  -99.99  148.42  -9.99  162.19  -9.99  175.96  -9.99  6.41720E+21  0.99E+01  104.414   3.785
00285  2016-03-03T23:22:58.917  510319447.102551  6144.374  -66.56  175.36    808763  91.179       12.15  -99.99       13.37  -99.99       14.59  -99.99  142.56  -9.99  156.89  -9.99  171.21  -9.99  6.17101E+21  0.99E+01  104.415   3.785
00286  2016-03-03T23:22:58.983  510319447.168087  6144.348  -66.56  175.36    808539  91.154       12.25  -99.99       13.47  -99.99       14.69  -99.99  144.21  -9.99  158.57  -9.99  172.94  -9.99  6.15091E+21  0.99E+01  104.415   3.785
00287  2016-03-03T23:22:59.048  510319447.233623  6144.593  -66.56  175.36    810647  91.392       11.31  -99.99       12.53  -99.99       13.75  -99.99  134.11  -9.99  148.57  -9.99  163.04  -9.99  6.11018E+21  0.99E+01  104.416   3.785
00288  2016-03-03T23:22:59.114  510319447.299159  6144.786  -66.56  175.36    812308  91.579       10.63  -99.99       11.85  -99.99       13.07  -99.99  146.60  -9.99  163.43  -9.99  180.26  -9.99  5.25275E+21  0.99E+01  104.417   3.785
00289  2016-03-03T23:22:59.179  510319447.364695  6144.760  -66.56  175.36    812084  91.554       10.72  -99.99       11.94  -99.99       13.16  -99.99  144.73  -9.99  161.20  -9.99  177.68  -9.99  5.36383E+21  0.99E+01  104.418   3.785
00290  2016-03-03T23:22:59.245  510319447.430231  6144.789  -66.55  175.36    812334  91.582       10.62  -99.99       11.84  -99.99       13.06  -99.99  146.61  -9.99  163.45  -9.99  180.29  -9.99  5.24809E+21  0.99E+01  104.418   3.785
00291  2016-03-03T23:22:59.310  510319447.495767  6144.912  -66.55  175.36    813392  91.701       10.22  -99.99       11.44  -99.99       12.66  -99.99  142.07  -9.99  159.03  -9.99  175.99  -9.99  5.21169E+21  0.99E+01  104.419   3.785
00292  2016-03-03T23:22:59.376  510319447.561303  6145.123  -66.55  175.36    815207  91.906        9.56  -99.99       10.78  -99.99       12.00  -99.99  138.98  -9.99  156.73  -9.99  174.48  -9.99  4.98034E+21  0.99E+01  104.420   3.785
00293  2016-03-03T23:22:59.441  510319447.626839  6145.145  -66.55  175.36    815396  91.927        9.49  -99.99       10.71  -99.99       11.93  -99.99  141.03  -9.99  159.17  -9.99  177.31  -9.99  4.87292E+21  0.99E+01  104.421   3.785
00294  2016-03-03T23:22:59.507  510319447.692375  6145.314  -66.55  175.36    816850  92.091        8.99  -99.99       10.21  -99.99       11.43  -99.99  138.20  -9.99  156.96  -9.99  175.73  -9.99  4.70964E+21  0.99E+01  104.421   3.785
00295  2016-03-03T23:22:59.572  510319447.757911  6145.428  -66.55  175.36    817831  92.202        8.67  -99.99        9.89  -99.99       11.11  -99.99  145.12  -9.99  165.56  -9.99  185.99  -9.99  4.32578E+21  0.99E+01  104.422   3.785
00296  2016-03-03T23:22:59.638  510319447.823447  6145.442  -66.54  175.36    817951  92.215        8.63  -99.99        9.85  -99.99       11.07  -99.99  148.14  -9.99  169.09  -9.99  190.04  -9.99  4.21909E+21  0.99E+01  104.423   3.785
00297  2016-03-03T23:22:59.704  510319447.888983  6145.488  -66.54  175.36    818347  92.260        8.51  -99.99        9.73  -99.99       10.95  -99.99  148.23  -9.99  169.49  -9.99  190.74  -9.99  4.15806E+21  0.99E+01  104.424   3.785
00298  2016-03-03T23:22:59.769  510319447.954519  6145.692  -66.54  175.36    820102  92.458        7.97  -99.99        9.19  -99.99       10.41  -99.99  132.61  -9.99  152.91  -9.99  173.21  -9.99  4.35369E+21  0.99E+01  104.424   3.785
00299  2016-03-03T23:22:59.835  510319448.020055  6145.878  -66.54  175.36    821701  92.638        7.47  -99.99        8.69  -99.99        9.91  -99.99  126.29  -9.99  146.90  -9.99  167.52  -9.99  4.28639E+21  0.99E+01  104.425   3.785
00300  2016-03-03T23:22:59.900  510319448.085591  6145.972  -66.54  175.36    822510  92.729        7.23  -99.99        8.45  -99.99        9.67  -99.99  126.39  -9.99  147.72  -9.99  169.06  -9.99  4.14213E+21  0.99E+01  104.426   3.785
00301  2016-03-03T23:22:59.966  510319448.151127  6146.184  -66.54  175.36    824333  92.935        6.72  -99.99        7.94  -99.99        9.16  -99.99  133.80  -9.99  158.11  -9.99  182.43  -9.99  3.63524E+21  0.99E+01  104.427   3.785
00302  2016-03-03T23:23:00.031  510319448.216663  6146.143  -66.54  175.36    823980  92.895        6.81  -99.99        8.03  -99.99        9.25  -99.99  134.91  -9.99  159.09  -9.99  183.26  -9.99  3.65570E+21  0.99E+01  104.428   3.785
00303  2016-03-03T23:23:00.097  510319448.282199  6146.282  -66.53  175.36    825176  93.030        6.50  -99.99        7.72  -99.99        8.94  -99.99  132.25  -9.99  157.09  -9.99  181.93  -9.99  3.55830E+21  0.99E+01  104.428   3.785
00304  2016-03-03T23:23:00.162  510319448.347735  6146.406  -66.53  175.36    826242  93.150        6.23  -99.99        7.45  -99.99        8.67  -99.99  134.71  -9.99  161.09  -9.99  187.47  -9.99  3.35083E+21  0.99E+01  104.429   3.785
00305  2016-03-03T23:23:00.228  510319448.413271  6146.440  -66.53  175.36    826534  93.183        6.16  -99.99        7.38  -99.99        8.60  -99.99  136.98  -9.99  164.10  -9.99  191.22  -9.99  3.25864E+21  0.99E+01  104.430   3.785
00306  2016-03-03T23:23:00.293  510319448.478807  6146.693  -66.53  175.36    828710  93.428        5.69  -99.99        6.91  -99.99        8.13  -99.99  140.24  -9.99  170.30  -9.99  200.35  -9.99  2.94055E+21  0.99E+01  104.431   3.785
00307  2016-03-03T23:23:00.359  510319448.544343  6146.683  -66.53  175.36    828624  93.418        5.69  -99.99        6.91  -99.99        8.13  -99.99  140.00  -9.99  170.00  -9.99  200.00  -9.99  2.94606E+21  0.99E+01  104.431   3.785
