     40.00,     410.00,   3.500000e+03,   5.0628e+02
     40.50,     408.19,   3.265192e+03,   4.7441e+02
     41.00,     406.38,   3.046137e+03,   4.4456e+02
     41.50,     404.55,   2.841777e+03,   4.1660e+02
     42.00,     402.71,   2.651128e+03,   3.9043e+02
     42.50,     400.84,   2.473269e+03,   3.6594e+02
     43.00,     398.95,   2.307342e+03,   3.4301e+02
     43.50,     397.02,   2.152547e+03,   3.2155e+02
     44.00,     395.05,   2.008137e+03,   3.0147e+02
     44.50,     393.04,   1.873415e+03,   2.8268e+02
     45.00,     390.99,   1.747731e+03,   2.6511e+02
     45.50,     388.87,   1.630479e+03,   2.4866e+02
     46.00,     386.71,   1.521094e+03,   2.3328e+02
     46.50,     384.48,   1.419047e+03,   2.1889e+02
     47.00,     382.19,   1.323845e+03,   2.0543e+02
     47.50,     379.84,   1.235031e+03,   1.9284e+02
     48.00,     377.41,   1.152175e+03,   1.8105e+02
     48.50,     374.92,   1.074878e+03,   1.7003e+02
     49.00,     372.35,   1.002767e+03,   1.5972e+02
     49.50,     369.71,   9.354931e+02,   1.5007e+02
     50.00,     367.00,   8.727327e+02,   1.4103e+02
     50.50,     364.21,   8.141828e+02,   1.3258e+02
     51.00,     361.35,   7.595609e+02,   1.2466e+02
     51.50,     358.42,   7.086034e+02,   1.1725e+02
     52.00,     355.41,   6.610646e+02,   1.1031e+02
     52.50,     352.34,   6.167151e+02,   1.0381e+02
     53.00,     349.19,   5.753409e+02,   9.7717e+01
     53.50,     345.98,   5.367424e+02,   9.2007e+01
     54.00,     342.71,   5.007334e+02,   8.6654e+01
     54.50,     339.37,   4.671402e+02,   8.1635e+01
     55.00,     335.99,   4.358007e+02,   7.6926e+01
     55.50,     332.54,   4.065636e+02,   7.2508e+01
     56.00,     329.05,   3.792881e+02,   6.8361e+01
     56.50,     325.52,   3.538424e+02,   6.4467e+01
     57.00,     321.95,   3.301038e+02,   6.0810e+01
     57.50,     318.34,   3.079578e+02,   5.7373e+01
     58.00,     314.71,   2.872975e+02,   5.4142e+01
     58.50,     311.05,   2.680233e+02,   5.1103e+01
     59.00,     307.38,   2.500421e+02,   4.8245e+01
     59.50,     303.69,   2.332673e+02,   4.5554e+01
     60.00,     300.00,   2.176178e+02,   4.3021e+01
     60.50,     296.31,   2.030183e+02,   4.0635e+01
     61.00,     292.62,   1.893982e+02,   3.8386e+01
     61.50,     288.95,   1.766918e+02,   3.6266e+01
     62.00,     285.29,   1.648379e+02,   3.4267e+01
     62.50,     281.66,   1.537793e+02,   3.2380e+01
     63.00,     278.05,   1.434625e+02,   3.0600e+01
     63.50,     274.48,   1.338379e+02,   2.8918e+01
     64.00,     270.95,   1.248590e+02,   2.7330e+01
     64.50,     267.46,   1.164824e+02,   2.5829e+01
     65.00,     264.01,   1.086679e+02,   2.4411e+01
     65.50,     260.63,   1.013775e+02,   2.3069e+01
     66.00,     257.29,   9.457632e+01,   2.1800e+01
     66.50,     254.02,   8.823138e+01,   2.0600e+01
     67.00,     250.81,   8.231211e+01,   1.9464e+01
     67.50,     247.66,   7.678995e+01,   1.8389e+01
     68.00,     244.59,   7.163827e+01,   1.7371e+01
     68.50,     241.58,   6.683219e+01,   1.6407e+01
     69.00,     238.65,   6.234855e+01,   1.5494e+01
     69.50,     235.79,   5.816571e+01,   1.4630e+01
     70.00,     233.00,   5.426349e+01,   1.3812e+01
     70.50,     230.29,   5.062306e+01,   1.3037e+01
     71.00,     227.65,   4.722685e+01,   1.2304e+01
     71.50,     225.08,   4.405850e+01,   1.1609e+01
     72.00,     222.59,   4.110270e+01,   1.0952e+01
     72.50,     220.16,   3.834520e+01,   1.0329e+01
     73.00,     217.81,   3.577270e+01,   9.7406e+00
     73.50,     215.52,   3.337278e+01,   9.1837e+00
     74.00,     213.29,   3.113386e+01,   8.6570e+00
     74.50,     211.13,   2.904515e+01,   8.1591e+00
     75.00,     209.01,   2.709657e+01,   7.6886e+00
     75.50,     206.96,   2.527871e+01,   7.2441e+00
     76.00,     204.95,   2.358281e+01,   6.8244e+00
     76.50,     202.98,   2.200069e+01,   6.4282e+00
     77.00,     201.05,   2.052471e+01,   6.0545e+00
     77.50,     199.16,   1.914774e+01,   5.7020e+00
     78.00,     197.29,   1.786316e+01,   5.3698e+00
     78.50,     195.45,   1.666476e+01,   5.0568e+00
     79.00,     193.62,   1.554675e+01,   4.7620e+00
     79.50,     191.81,   1.450375e+01,   4.4846e+00
     80.00,     190.00,   1.353072e+01,   4.2235e+00
     80.50,     188.19,   1.262297e+01,   3.9780e+00
     81.00,     186.38,   1.177612e+01,   3.7473e+00
     81.50,     184.55,   1.098608e+01,   3.5305e+00
     82.00,     182.71,   1.024905e+01,   3.3268e+00
     82.50,     180.84,   9.561460e+00,   3.1357e+00
     83.00,     178.95,   8.920001e+00,   2.9563e+00
     83.50,     177.02,   8.321575e+00,   2.7880e+00
     84.00,     175.05,   7.763297e+00,   2.6302e+00
     84.50,     173.04,   7.242473e+00,   2.4822e+00
     85.00,     170.99,   6.756589e+00,   2.3436e+00
     85.50,     168.87,   6.303303e+00,   2.2137e+00
     86.00,     166.71,   5.880427e+00,   2.0920e+00
     86.50,     164.48,   5.485921e+00,   1.9781e+00
     87.00,     162.19,   5.117881e+00,   1.8714e+00
     87.50,     159.84,   4.774532e+00,   1.7716e+00
     88.00,     157.41,   4.454218e+00,   1.6782e+00
     88.50,     154.92,   4.155394e+00,   1.5908e+00
     89.00,     152.35,   3.876616e+00,   1.5091e+00
     89.50,     149.71,   3.616542e+00,   1.4327e+00
     90.00,     147.00,   3.373915e+00,   1.3612e+00
     90.50,     144.21,   3.147566e+00,   1.2944e+00
     91.00,     141.35,   2.936402e+00,   1.2320e+00
     91.50,     138.42,   2.739404e+00,   1.1737e+00
     92.00,     135.41,   2.555623e+00,   1.1193e+00
     92.50,     132.34,   2.384171e+00,   1.0685e+00
     93.00,     129.19,   2.224222e+00,   1.0211e+00
     93.50,     125.98,   2.075003e+00,   9.7683e-01
     94.00,     122.71,   1.935795e+00,   9.3561e-01
     94.50,     119.37,   1.805927e+00,   8.9721e-01
     95.00,     115.99,   1.684771e+00,   8.6148e-01
