      0.00,   1.150000e-02,      37.00,   1.5000e+01
      1.00,   1.098897e-02,      42.84,   1.4333e+01
      2.00,   1.050066e-02,      48.21,   1.3697e+01
      3.00,   1.003404e-02,      53.15,   1.3088e+01
      4.00,   9.588159e-03,      57.69,   1.2506e+01
      5.00,   9.162090e-03,      61.88,   1.1951e+01
      6.00,   8.754954e-03,      65.72,   1.1420e+01
      7.00,   8.365911e-03,      69.26,   1.0912e+01
      8.00,   7.994155e-03,      72.52,   1.0427e+01
      9.00,   7.638919e-03,      75.52,   9.9638e+00
     10.00,   7.299469e-03,      78.27,   9.5210e+00
     11.00,   6.975103e-03,      80.81,   9.0980e+00
     12.00,   6.665150e-03,      83.14,   8.6937e+00
     13.00,   6.368971e-03,      85.29,   8.3074e+00
     14.00,   6.085953e-03,      87.27,   7.9382e+00
     15.00,   5.815512e-03,      89.09,   7.5855e+00
     16.00,   5.557088e-03,      90.76,   7.2484e+00
     17.00,   5.310148e-03,      92.30,   6.9263e+00
     18.00,   5.074181e-03,      93.71,   6.6185e+00
     19.00,   4.848700e-03,      95.01,   6.3244e+00
     20.00,   4.633239e-03,      96.21,   6.0434e+00
     21.00,   4.427352e-03,      97.31,   5.7748e+00
     22.00,   4.230614e-03,      98.33,   5.5182e+00
     23.00,   4.042618e-03,      99.26,   5.2730e+00
     24.00,   3.862976e-03,     100.12,   5.0387e+00
     25.00,   3.691317e-03,     100.91,   4.8148e+00
     26.00,   3.527286e-03,     101.64,   4.6008e+00
     27.00,   3.370545e-03,     102.31,   4.3964e+00
     28.00,   3.220768e-03,     102.92,   4.2010e+00
     29.00,   3.077647e-03,     103.49,   4.0143e+00
     30.00,   2.940885e-03,     104.01,   3.8359e+00
     31.00,   2.810201e-03,     104.49,   3.6655e+00
     32.00,   2.685325e-03,     104.93,   3.5026e+00
     33.00,   2.565997e-03,     105.33,   3.3470e+00
     34.00,   2.451972e-03,     105.71,   3.1982e+00
     35.00,   2.343014e-03,     106.05,   3.0561e+00
     36.00,   2.238897e-03,     106.37,   2.9203e+00
     37.00,   2.139407e-03,     106.66,   2.7905e+00
     38.00,   2.044339e-03,     106.92,   2.6665e+00
     39.00,   1.953494e-03,     107.17,   2.5480e+00
     40.00,   1.866687e-03,     107.40,   2.4348e+00
     41.00,   1.783737e-03,     106.97,   2.3266e+00
     42.00,   1.704473e-03,     106.53,   2.2232e+00
     43.00,   1.628732e-03,     106.07,   2.1244e+00
     44.00,   1.556356e-03,     105.60,   2.0300e+00
     45.00,   1.487196e-03,     105.12,   1.9398e+00
     46.00,   1.421110e-03,     104.62,   1.8536e+00
     47.00,   1.357960e-03,     104.11,   1.7713e+00
     48.00,   1.297616e-03,     103.60,   1.6925e+00
     49.00,   1.239954e-03,     103.07,   1.6173e+00
     50.00,   1.184854e-03,     102.53,   1.5455e+00
     51.00,   1.132203e-03,     101.99,   1.4768e+00
     52.00,   1.081891e-03,     101.44,   1.4112e+00
     53.00,   1.033815e-03,     100.89,   1.3485e+00
     54.00,   9.878757e-04,     100.32,   1.2885e+00
     55.00,   9.439775e-04,      99.75,   1.2313e+00
     56.00,   9.020300e-04,      99.18,   1.1766e+00
     57.00,   8.619465e-04,      98.60,   1.1243e+00
     58.00,   8.236442e-04,      98.02,   1.0743e+00
     59.00,   7.870440e-04,      97.43,   1.0266e+00
     60.00,   7.520701e-04,      96.84,   9.8096e-01
     61.00,   7.186504e-04,      96.25,   9.3737e-01
     62.00,   6.867158e-04,      95.65,   8.9572e-01
     63.00,   6.562002e-04,      95.05,   8.5591e-01
     64.00,   6.270407e-04,      94.45,   8.1788e-01
     65.00,   5.991769e-04,      93.84,   7.8154e-01
     66.00,   5.725513e-04,      93.23,   7.4681e-01
     67.00,   5.471088e-04,      92.63,   7.1362e-01
     68.00,   5.227970e-04,      92.01,   6.8191e-01
     69.00,   4.995655e-04,      91.40,   6.5161e-01
     70.00,   4.773663e-04,      90.79,   6.2265e-01
     71.00,   4.561536e-04,      90.17,   5.9498e-01
     72.00,   4.358835e-04,      89.55,   5.6854e-01
     73.00,   4.165142e-04,      88.93,   5.4328e-01
     74.00,   3.980056e-04,      88.31,   5.1914e-01
     75.00,   3.803194e-04,      87.69,   4.9607e-01
     76.00,   3.634192e-04,      87.07,   4.7402e-01
     77.00,   3.472699e-04,      86.45,   4.5296e-01
     78.00,   3.318383e-04,      85.82,   4.3283e-01
     79.00,   3.170924e-04,      85.20,   4.1360e-01
     80.00,   3.030018e-04,      84.57,   3.9522e-01
     81.00,   2.895373e-04,      83.95,   3.7766e-01
     82.00,   2.766711e-04,      83.32,   3.6088e-01
     83.00,   2.643767e-04,      82.69,   3.4484e-01
     84.00,   2.526286e-04,      82.07,   3.2952e-01
     85.00,   2.414026e-04,      81.44,   3.1487e-01
     86.00,   2.306754e-04,      80.81,   3.0088e-01
     87.00,   2.204249e-04,      80.18,   2.8751e-01
     88.00,   2.106298e-04,      79.55,   2.7473e-01
     89.00,   2.012701e-04,      78.92,   2.6253e-01
     90.00,   1.923263e-04,      78.29,   2.5086e-01
     91.00,   1.837799e-04,      77.66,   2.3971e-01
     92.00,   1.756132e-04,      77.03,   2.2906e-01
     93.00,   1.678095e-04,      76.40,   2.1888e-01
     94.00,   1.603526e-04,      75.77,   2.0916e-01
     95.00,   1.532270e-04,      75.14,   1.9986e-01
     96.00,   1.464181e-04,      74.51,   1.9098e-01
     97.00,   1.399117e-04,      73.88,   1.8249e-01
     98.00,   1.336944e-04,      73.25,   1.7438e-01
     99.00,   1.277535e-04,      72.61,   1.6663e-01
    100.00,   1.220765e-04,      71.98,   1.5923e-01
