    250.00,     220.00,   3.766410e-09,   1.000000e+14,   4.000000e+12
    255.00,     223.90,   3.341425e-09,   8.668779e+13,   3.506840e+12
    260.00,     227.61,   2.961431e-09,   7.514773e+13,   3.074482e+12
    265.00,     231.14,   2.622272e-09,   6.514391e+13,   2.695429e+12
    270.00,     234.50,   2.320047e-09,   5.647181e+13,   2.363110e+12
    275.00,     237.70,   2.051124e-09,   4.895417e+13,   2.071762e+12
    280.00,     240.73,   1.812146e-09,   4.243728e+13,   1.816335e+12
    285.00,     243.62,   1.600029e-09,   3.678794e+13,   1.592399e+12
    290.00,     246.37,   1.411955e-09,   3.189066e+13,   1.396072e+12
    295.00,     248.99,   1.245361e-09,   2.764530e+13,   1.223951e+12
    300.00,     251.48,   1.097923e-09,   2.396510e+13,   1.073050e+12
    305.00,     253.84,   9.675435e-10,   2.077482e+13,   9.407536e+11
    310.00,     256.10,   8.523316e-10,   1.800923e+13,   8.247681e+11
    315.00,     258.24,   7.505901e-10,   1.561180e+13,   7.230825e+11
    320.00,     260.27,   6.607977e-10,   1.353353e+13,   6.339337e+11
    325.00,     262.21,   5.815940e-10,   1.173192e+13,   5.557761e+11
    330.00,     264.05,   5.117646e-10,   1.017014e+13,   4.872545e+11
    335.00,     265.81,   4.502273e-10,   8.816269e+12,   4.271809e+11
    340.00,     267.47,   3.960192e-10,   7.642629e+12,   3.745138e+11
    345.00,     269.06,   3.482845e-10,   6.625226e+12,   3.283400e+11
    350.00,     270.57,   3.062639e-10,   5.743262e+12,   2.878590e+11
    355.00,     272.00,   2.692840e-10,   4.978707e+12,   2.523689e+11
    360.00,     273.37,   2.367485e-10,   4.315931e+12,   2.212543e+11
    365.00,     274.67,   2.081298e-10,   3.741385e+12,   1.939759e+11
    370.00,     275.90,   1.829614e-10,   3.243324e+12,   1.700606e+11
    375.00,     277.08,   1.608312e-10,   2.811566e+12,   1.490938e+11
    380.00,     278.20,   1.413753e-10,   2.437284e+12,   1.307121e+11
    385.00,     279.26,   1.242727e-10,   2.112828e+12,   1.145966e+11
    390.00,     280.27,   1.092405e-10,   1.831564e+12,   1.004680e+11
    395.00,     281.23,   9.602898e-11,   1.587742e+12,   8.808129e+10
    400.00,     282.15,   8.441851e-11,   1.376379e+12,   7.722176e+10
    405.00,     283.02,   7.421556e-11,   1.193152e+12,   6.770109e+10
    410.00,     283.85,   6.524977e-11,   1.034317e+12,   5.935423e+10
    415.00,     284.64,   5.737127e-11,   8.966268e+11,   5.203645e+10
    420.00,     285.39,   5.044820e-11,   7.772660e+11,   4.562088e+10
    425.00,     286.10,   4.436464e-11,   6.737947e+11,   3.999628e+10
    430.00,     286.78,   3.901864e-11,   5.840977e+11,   3.506514e+10
    435.00,     287.42,   3.432060e-11,   5.063414e+11,   3.074196e+10
    440.00,     288.03,   3.019178e-11,   4.389362e+11,   2.695179e+10
    445.00,     288.62,   2.656299e-11,   3.805041e+11,   2.362890e+10
    450.00,     289.17,   2.337345e-11,   3.298506e+11,   2.071570e+10
    455.00,     289.70,   2.056975e-11,   2.859402e+11,   1.816166e+10
    460.00,     290.20,   1.810500e-11,   2.478752e+11,   1.592251e+10
    465.00,     290.68,   1.593799e-11,   2.148775e+11,   1.395942e+10
    470.00,     291.14,   1.403256e-11,   1.862726e+11,   1.223837e+10
    475.00,     291.57,   1.235693e-11,   1.614756e+11,   1.072950e+10
    480.00,     291.98,   1.088321e-11,   1.399796e+11,   9.406661e+09
    485.00,     292.37,   9.586895e-12,   1.213452e+11,   8.246914e+09
    490.00,     292.74,   8.446470e-12,   1.051915e+11,   7.230153e+09
    495.00,     293.10,   7.443044e-12,   9.118820e+10,   6.338748e+09
    500.00,     293.43,   6.560026e-12,   7.904903e+10,   5.557244e+09
    505.00,     293.75,   5.782846e-12,   6.852586e+10,   4.872092e+09
    510.00,     294.06,   5.098708e-12,   5.940355e+10,   4.271412e+09
    515.00,     294.35,   4.496371e-12,   5.149563e+10,   3.744790e+09
    520.00,     294.62,   3.965966e-12,   4.464042e+10,   3.283095e+09
    525.00,     294.89,   3.498818e-12,   3.869779e+10,   2.878322e+09
    530.00,     295.14,   3.087311e-12,   3.354626e+10,   2.523454e+09
    535.00,     295.37,   2.724751e-12,   2.908051e+10,   2.212337e+09
    540.00,     295.60,   2.405255e-12,   2.520925e+10,   1.939579e+09
    545.00,     295.81,   2.123655e-12,   2.185335e+10,   1.700448e+09
    550.00,     296.02,   1.875409e-12,   1.894418e+10,   1.490800e+09
    555.00,     296.21,   1.656522e-12,   1.642229e+10,   1.306999e+09
    560.00,     296.40,   1.463485e-12,   1.423612e+10,   1.145859e+09
    565.00,     296.57,   1.293211e-12,   1.234098e+10,   1.004586e+09
    570.00,     296.74,   1.142985e-12,   1.069812e+10,   8.807310e+08
    575.00,     296.90,   1.010420e-12,   9.273967e+09,   7.721458e+08
    580.00,     297.05,   8.934149e-13,   8.039397e+09,   6.769480e+08
    585.00,     297.19,   7.901228e-13,   6.969175e+09,   5.934871e+08
    590.00,     297.33,   6.989174e-13,   6.041424e+09,   5.203161e+08
    595.00,     297.46,   6.183677e-13,   5.237177e+09,   4.561664e+08
    600.00,     297.58,   5.472137e-13,   4.539993e+09,   3.999256e+08
    605.00,     297.70,   4.843465e-13,   3.935620e+09,   3.506188e+08
    610.00,     297.81,   4.287893e-13,   3.411702e+09,   3.073910e+08
    615.00,     297.92,   3.796818e-13,   2.957529e+09,   2.694928e+08
    620.00,     298.02,   3.362661e-13,   2.563816e+09,   2.362671e+08
    625.00,     298.12,   2.978746e-13,   2.222516e+09,   2.071377e+08
    630.00,     298.21,   2.639187e-13,   1.926650e+09,   1.815997e+08
    635.00,     298.30,   2.338797e-13,   1.670170e+09,   1.592103e+08
    640.00,     298.38,   2.073002e-13,   1.447834e+09,   1.395813e+08
    645.00,     298.46,   1.837770e-13,   1.255095e+09,   1.223723e+08
    650.00,     298.53,   1.629544e-13,   1.088014e+09,   1.072850e+08
    655.00,     298.61,   1.445185e-13,   9.431753e+08,   9.405787e+07
    660.00,     298.67,   1.281924e-13,   8.176178e+08,   8.246148e+07
    665.00,     298.74,   1.137318e-13,   7.087748e+08,   7.229481e+07
    670.00,     298.80,   1.009210e-13,   6.144212e+08,   6.338158e+07
    675.00,     298.86,   8.956949e-14,   5.326282e+08,   5.556727e+07
    680.00,     298.91,   7.950902e-14,   4.617236e+08,   4.871639e+07
    685.00,     298.97,   7.059104e-14,   4.002580e+08,   4.271015e+07
    690.00,     299.02,   6.268427e-14,   3.469748e+08,   3.744441e+07
    695.00,     299.07,   5.567271e-14,   3.007848e+08,   3.282789e+07
    700.00,     299.11,   4.945382e-14,   2.607437e+08,   2.878055e+07
    705.00,     299.15,   4.393696e-14,   2.260329e+08,   2.523219e+07
    710.00,     299.20,   3.904196e-14,   1.959430e+08,   2.212132e+07
    715.00,     299.24,   3.469794e-14,   1.698586e+08,   1.939398e+07
    720.00,     299.27,   3.084218e-14,   1.472467e+08,   1.700290e+07
    725.00,     299.31,   2.741919e-14,   1.276449e+08,   1.490661e+07
    730.00,     299.34,   2.437986e-14,   1.106525e+08,   1.306878e+07
    735.00,     299.37,   2.168072e-14,   9.592224e+07,   1.145753e+07
    740.00,     299.40,   1.928328e-14,   8.315287e+07,   1.004493e+07
    745.00,     299.43,   1.715347e-14,   7.208339e+07,   8.806492e+06
    750.00,     299.46,   1.526108e-14,   6.248750e+07,   7.720740e+06
