      5.00,   1.800049e+03,     380.99,     277.50
      6.00,   1.675979e+03,     367.63,     277.00
      7.00,   1.560469e+03,     354.73,     276.50
      8.00,   1.452931e+03,     342.29,     276.00
      9.00,   1.352817e+03,     330.29,     275.50
     10.00,   1.259618e+03,     318.71,     275.00
     11.00,   1.172863e+03,     307.54,     274.50
     12.00,   1.092112e+03,     296.76,     274.00
     13.00,   1.016956e+03,     286.37,     273.50
     14.00,   9.470183e+02,     276.35,     273.00
     15.00,   8.819472e+02,     266.68,     272.50
     16.00,   8.214183e+02,     257.37,     272.00
     17.00,   7.651316e+02,     248.40,     271.50
     18.00,   7.128103e+02,     239.75,     271.00
     19.00,   6.641997e+02,     231.43,     270.50
     20.00,   6.190658e+02,     223.43,     270.00
     21.00,   5.771946e+02,     215.74,     269.50
     22.00,   5.383909e+02,     208.37,     269.00
     23.00,   5.024776e+02,     201.30,     268.50
     24.00,   4.692945e+02,     194.54,     268.00
     25.00,   4.386981e+02,     188.09,     267.50
     26.00,   4.105603e+02,     181.96,     267.00
     27.00,   3.847675e+02,     176.15,     266.50
     28.00,   3.612202e+02,     170.67,     266.00
     29.00,   3.398317e+02,     165.54,     265.50
     30.00,   3.205273e+02,     160.77,     265.00
     31.00,   3.032430e+02,     156.38,     264.50
     32.00,   2.879244e+02,     152.38,     264.00
     33.00,   2.745254e+02,     148.79,     263.50
     34.00,   2.630067e+02,     145.63,     263.00
     35.00,   2.533342e+02,     142.93,     262.50
     36.00,   2.454770e+02,     140.70,     262.00
     37.00,   2.394059e+02,     138.95,     261.50
     38.00,   2.350912e+02,     137.69,     261.00
     39.00,   2.325007e+02,     136.93,     260.50
     40.00,   2.315976e+02,     136.66,     260.00
     41.00,   2.323384e+02,     136.88,     259.50
     42.00,   2.346711e+02,     137.56,     259.00
     43.00,   2.385330e+02,     138.69,     258.50
     44.00,   2.438490e+02,     140.23,     258.00
     45.00,   2.505305e+02,     142.14,     257.50
     46.00,   2.584739e+02,     144.37,     257.00
     47.00,   2.675599e+02,     146.89,     256.50
     48.00,   2.776536e+02,     149.63,     256.00
     49.00,   2.886037e+02,     152.56,     255.50
     50.00,   3.002444e+02,     155.60,     255.00
     51.00,   3.123955e+02,     158.72,     254.50
     52.00,   3.248649e+02,     161.86,     254.00
     53.00,   3.374504e+02,     164.96,     253.50
     54.00,   3.499427e+02,     167.99,     253.00
     55.00,   3.621285e+02,     170.89,     252.50
     56.00,   3.737940e+02,     173.62,     252.00
     57.00,   3.847286e+02,     176.14,     251.50
     58.00,   3.947291e+02,     178.41,     251.00
     59.00,   4.036034e+02,     180.41,     250.50
     60.00,   4.111744e+02,     182.09,     250.00
     61.00,   4.172839e+02,     183.44,     249.50
     62.00,   4.217959e+02,     184.43,     249.00
     63.00,   4.245993e+02,     185.04,     248.50
     64.00,   4.256104e+02,     185.26,     248.00
     65.00,   4.247748e+02,     185.08,     247.50
     66.00,   4.220682e+02,     184.49,     247.00
     67.00,   4.174967e+02,     183.49,     246.50
     68.00,   4.110967e+02,     182.07,     246.00
     69.00,   4.029335e+02,     180.26,     245.50
     70.00,   3.930995e+02,     178.04,     245.00
     71.00,   3.817118e+02,     175.45,     244.50
     72.00,   3.689090e+02,     172.48,     244.00
     73.00,   3.548483e+02,     169.16,     243.50
     74.00,   3.397009e+02,     165.51,     243.00
     75.00,   3.236486e+02,     161.55,     242.50
     76.00,   3.068796e+02,     157.31,     242.00
     77.00,   2.895843e+02,     152.81,     241.50
     78.00,   2.719515e+02,     148.09,     241.00
     79.00,   2.541647e+02,     143.16,     240.50
     80.00,   2.363990e+02,     138.07,     240.00
     81.00,   2.188178e+02,     132.84,     239.50
     82.00,   2.015709e+02,     127.49,     239.00
     83.00,   1.847923e+02,     122.07,     238.50
     84.00,   1.685987e+02,     116.60,     238.00
     85.00,   1.530891e+02,     111.11,     237.50
     86.00,   1.383440e+02,     105.62,     237.00
     87.00,   1.244258e+02,     100.17,     236.50
     88.00,   1.113794e+02,      94.77,     236.00
     89.00,   9.923286e+01,      89.45,     235.50
     90.00,   8.799873e+01,      84.24,     235.00
     91.00,   7.767561e+01,      79.14,     234.50
     92.00,   6.824964e+01,      74.19,     234.00
     93.00,   5.969628e+01,      69.38,     233.50
     94.00,   5.198203e+01,      64.74,     233.00
     95.00,   4.506625e+01,      60.28,     232.50
     96.00,   3.890277e+01,      56.01,     232.00
     97.00,   3.344153e+01,      51.93,     231.50
     98.00,   2.863005e+01,      48.05,     231.00
     99.00,   2.441470e+01,      44.37,     230.50
    100.00,   2.074189e+01,      40.90,     230.00
    101.00,   1.755901e+01,      37.63,     229.50
    102.00,   1.481522e+01,      34.56,     229.00
    103.00,   1.246213e+01,      31.70,     228.50
    104.00,   1.045420e+01,      29.03,     228.00
    105.00,   8.749138e+00,      26.56,     227.50
    106.00,   7.308047e+00,      24.28,     227.00
    107.00,   6.095537e+00,      22.17,     226.50
    108.00,   5.079712e+00,      20.24,     226.00
    109.00,   4.232086e+00,      18.47,     225.50
    110.00,   3.527438e+00,      16.87,     225.00
    111.00,   2.943625e+00,      15.41,     224.50
    112.00,   2.461360e+00,      14.09,     224.00
    113.00,   2.063972e+00,      12.90,     223.50
    114.00,   1.737160e+00,      11.84,     223.00
    115.00,   1.468742e+00,      10.88,     222.50
    116.00,   1.248415e+00,      10.03,     222.00
    117.00,   1.067524e+00,       9.28,     221.50
    118.00,   9.188437e-01,       8.61,     221.00
    119.00,   7.963805e-01,       8.01,     220.50
    120.00,   6.951940e-01,       7.49,     220.00
