      0.00,      94.00,   1.467000e+03,   1.8000e+02
      1.00,      93.23,   1.398780e+03,   1.7163e+02
      2.00,      92.47,   1.333733e+03,   1.6365e+02
      3.00,      91.70,   1.271710e+03,   1.5604e+02
      4.00,      90.94,   1.212571e+03,   1.4878e+02
      5.00,      90.19,   1.156183e+03,   1.4186e+02
      6.00,      89.44,   1.102417e+03,   1.3527e+02
      7.00,      88.70,   1.051151e+03,   1.2898e+02
      8.00,      87.96,   1.002270e+03,   1.2298e+02
      9.00,      87.23,   9.556611e+02,   1.1726e+02
     10.00,      86.51,   9.112199e+02,   1.1181e+02
     11.00,      85.80,   8.688454e+02,   1.0661e+02
     12.00,      85.10,   8.284415e+02,   1.0165e+02
     13.00,      84.42,   7.899164e+02,   9.6922e+01
     14.00,      83.74,   7.531829e+02,   9.2415e+01
     15.00,      83.08,   7.181576e+02,   8.8117e+01
     16.00,      82.43,   6.847611e+02,   8.4020e+01
     17.00,      81.80,   6.529176e+02,   8.0113e+01
     18.00,      81.18,   6.225550e+02,   7.6387e+01
     19.00,      80.58,   5.936043e+02,   7.2835e+01
     20.00,      80.00,   5.659999e+02,   6.9448e+01
     21.00,      79.44,   5.396791e+02,   6.6218e+01
     22.00,      78.89,   5.145824e+02,   6.3139e+01
     23.00,      78.36,   4.906528e+02,   6.0203e+01
     24.00,      77.86,   4.678359e+02,   5.7403e+01
     25.00,      77.37,   4.460801e+02,   5.4734e+01
     26.00,      76.90,   4.253360e+02,   5.2188e+01
     27.00,      76.46,   4.055566e+02,   4.9762e+01
     28.00,      76.04,   3.866970e+02,   4.7447e+01
     29.00,      75.64,   3.687144e+02,   4.5241e+01
     30.00,      75.27,   3.515681e+02,   4.3137e+01
     31.00,      74.92,   3.352191e+02,   4.1131e+01
     32.00,      74.59,   3.196304e+02,   3.9218e+01
     33.00,      74.29,   3.047666e+02,   3.7395e+01
     34.00,      74.01,   2.905940e+02,   3.5656e+01
     35.00,      73.76,   2.770805e+02,   3.3998e+01
     36.00,      73.54,   2.641954e+02,   3.2417e+01
     37.00,      73.34,   2.519095e+02,   3.0909e+01
     38.00,      73.17,   2.401950e+02,   2.9472e+01
     39.00,      73.02,   2.290252e+02,   2.8101e+01
     40.00,      72.90,   2.183748e+02,   2.6794e+01
     41.00,      72.81,   2.082197e+02,   2.5548e+01
     42.00,      72.75,   1.985369e+02,   2.4360e+01
     43.00,      72.71,   1.893043e+02,   2.3228e+01
     44.00,      72.70,   1.805011e+02,   2.2147e+01
     45.00,      72.72,   1.721072e+02,   2.1117e+01
     46.00,      72.77,   1.641037e+02,   2.0135e+01
     47.00,      72.84,   1.564724e+02,   1.9199e+01
     48.00,      72.94,   1.491959e+02,   1.8306e+01
     49.00,      73.07,   1.422579e+02,   1.7455e+01
     50.00,      73.22,   1.356425e+02,   1.6643e+01
     51.00,      73.41,   1.293347e+02,   1.5869e+01
     52.00,      73.61,   1.233202e+02,   1.5131e+01
     53.00,      73.85,   1.175854e+02,   1.4428e+01
     54.00,      74.11,   1.121174e+02,   1.3757e+01
     55.00,      74.40,   1.069036e+02,   1.3117e+01
     56.00,      74.72,   1.019322e+02,   1.2507e+01
     57.00,      75.06,   9.719206e+01,   1.1925e+01
     58.00,      75.42,   9.267234e+01,   1.1371e+01
     59.00,      75.81,   8.836279e+01,   1.0842e+01
     60.00,      76.23,   8.425365e+01,   1.0338e+01
     61.00,      76.67,   8.033560e+01,   9.8571e+00
     62.00,      77.13,   7.659975e+01,   9.3987e+00
     63.00,      77.61,   7.303763e+01,   8.9617e+00
     64.00,      78.12,   6.964116e+01,   8.5449e+00
     65.00,      78.65,   6.640263e+01,   8.1476e+00
     66.00,      79.20,   6.331471e+01,   7.7687e+00
     67.00,      79.77,   6.037038e+01,   7.4074e+00
     68.00,      80.36,   5.756297e+01,   7.0629e+00
     69.00,      80.97,   5.488612e+01,   6.7345e+00
     70.00,      81.60,   5.233375e+01,   6.4213e+00
     71.00,      82.25,   4.990007e+01,   6.1227e+00
     72.00,      82.91,   4.757956e+01,   5.8380e+00
     73.00,      83.59,   4.536697e+01,   5.5665e+00
     74.00,      84.29,   4.325727e+01,   5.3076e+00
     75.00,      85.00,   4.124567e+01,   5.0608e+00
     76.00,      85.73,   3.932762e+01,   4.8255e+00
     77.00,      86.46,   3.749877e+01,   4.6011e+00
     78.00,      87.21,   3.575496e+01,   4.3871e+00
     79.00,      87.98,   3.409225e+01,   4.1831e+00
     80.00,      88.75,   3.250685e+01,   3.9886e+00
     81.00,      89.53,   3.099519e+01,   3.8031e+00
     82.00,      90.33,   2.955382e+01,   3.6262e+00
     83.00,      91.13,   2.817947e+01,   3.4576e+00
     84.00,      91.93,   2.686904e+01,   3.2968e+00
     85.00,      92.75,   2.561955e+01,   3.1435e+00
     86.00,      93.57,   2.442816e+01,   2.9973e+00
     87.00,      94.39,   2.329218e+01,   2.8579e+00
     88.00,      95.22,   2.220902e+01,   2.7250e+00
     89.00,      96.05,   2.117623e+01,   2.5983e+00
     90.00,      96.88,   2.019148e+01,   2.4775e+00
     91.00,      97.71,   1.925251e+01,   2.3623e+00
     92.00,      98.54,   1.835721e+01,   2.2524e+00
     93.00,      99.37,   1.750354e+01,   2.1477e+00
     94.00,     100.20,   1.668958e+01,   2.0478e+00
     95.00,     101.03,   1.591346e+01,   1.9526e+00
     96.00,     101.85,   1.517344e+01,   1.8618e+00
     97.00,     102.67,   1.446782e+01,   1.7752e+00
     98.00,     103.48,   1.379503e+01,   1.6926e+00
     99.00,     104.28,   1.315352e+01,   1.6139e+00
    100.00,     105.08,   1.254184e+01,   1.5389e+00
    101.00,     105.87,   1.195860e+01,   1.4673e+00
    102.00,     106.65,   1.140249e+01,   1.3991e+00
    103.00,     107.42,   1.087224e+01,   1.3340e+00
    104.00,     108.17,   1.036665e+01,   1.2720e+00
    105.00,     108.92,   9.884568e+00,   1.2128e+00
    106.00,     109.65,   9.424906e+00,   1.1564e+00
    107.00,     110.37,   8.986619e+00,   1.1027e+00
    108.00,     111.08,   8.568714e+00,   1.0514e+00
    109.00,     111.77,   8.170242e+00,   1.0025e+00
    110.00,     112.44,   7.790301e+00,   9.5587e-01
    111.00,     113.10,   7.428029e+00,   9.1141e-01
    112.00,     113.74,   7.082603e+00,   8.6903e-01
    113.00,     114.37,   6.753240e+00,   8.2862e-01
    114.00,     114.97,   6.439194e+00,   7.9009e-01
    115.00,     115.56,   6.139752e+00,   7.5334e-01
    116.00,     116.12,   5.854235e+00,   7.1831e-01
    117.00,     116.67,   5.581995e+00,   6.8491e-01
    118.00,     117.19,   5.322415e+00,   6.5306e-01
    119.00,     117.69,   5.074907e+00,   6.2269e-01
    120.00,     118.17,   4.838908e+00,   5.9373e-01
    121.00,     118.63,   4.613884e+00,   5.6612e-01
    122.00,     119.07,   4.399324e+00,   5.3979e-01
    123.00,     119.48,   4.194742e+00,   5.1469e-01
    124.00,     119.87,   3.999674e+00,   4.9076e-01
    125.00,     120.23,   3.813677e+00,   4.6794e-01
    126.00,     120.57,   3.636329e+00,   4.4618e-01
    127.00,     120.88,   3.467229e+00,   4.2543e-01
    128.00,     121.17,   3.305992e+00,   4.0564e-01
    129.00,     121.44,   3.152254e+00,   3.8678e-01
    130.00,     121.67,   3.005664e+00,   3.6879e-01
    131.00,     121.89,   2.865892e+00,   3.5164e-01
    132.00,     122.07,   2.732619e+00,   3.3529e-01
    133.00,     122.24,   2.605544e+00,   3.1970e-01
    134.00,     122.37,   2.484378e+00,   3.0483e-01
    135.00,     122.48,   2.368847e+00,   2.9066e-01
    136.00,     122.56,   2.258688e+00,   2.7714e-01
    137.00,     122.62,   2.153653e+00,   2.6425e-01
    138.00,     122.65,   2.053501e+00,   2.5196e-01
    139.00,     122.66,   1.958007e+00,   2.4025e-01
    140.00,     122.63,   1.866954e+00,   2.2907e-01
    141.00,     122.59,   1.780135e+00,   2.1842e-01
    142.00,     122.52,   1.697353e+00,   2.0826e-01
    143.00,     122.42,   1.618421e+00,   1.9858e-01
    144.00,     122.30,   1.543159e+00,   1.8934e-01
    145.00,     122.15,   1.471398e+00,   1.8054e-01
    146.00,     121.98,   1.402973e+00,   1.7214e-01
    147.00,     121.78,   1.337731e+00,   1.6414e-01
    148.00,     121.56,   1.275522e+00,   1.5651e-01
    149.00,     121.32,   1.216207e+00,   1.4923e-01
    150.00,     121.05,   1.159649e+00,   1.4229e-01
