00001  2004-04-02T11:44:14.100  134178318.285657  3438.259   26.45   57.24   166470.   44.804        4.013    0.411        5.093    0.439        6.173    0.466  130.000  10.000  165.000  10.000  200.000  10.000  0.22356E+22  0.57E+20    3438.259       2.314691  -62.6   0.65  
00002  2004-04-02T11:44:14.300  134178318.485657  3438.121   26.44   57.24   165962.   44.668        4.094    0.412        5.174    0.440        6.254    0.468  131.268   9.900  165.910   9.900  200.553   9.900  0.22581E+22  0.57E+20    3438.121       1.741893  -62.6   0.65  
00003  2004-04-02T11:44:14.500  134178318.685657  3437.997   26.44   57.24   165514.   44.547        4.167    0.414        5.248    0.442        6.328    0.469  131.847   9.769  166.028   9.769  200.209   9.769  0.22886E+22  0.57E+20    3437.997       2.402729  -62.6   0.65  
00004  2004-04-02T11:44:14.699  134178318.885657  3437.863   26.44   57.24   165030.   44.417        4.248    0.416        5.329    0.444        6.409    0.471  131.159   9.532  164.512   9.532  197.866   9.532  0.23454E+22  0.57E+20    3437.863       2.108291  -62.6   0.65  
00005  2004-04-02T11:44:14.900  134178319.085657  3437.727   26.43   57.24   164529.   44.282        4.331    0.418        5.412    0.446        6.492    0.473  134.308   9.574  167.808   9.574  201.307   9.574  0.23352E+22  0.57E+20    3437.727       1.761831  -62.6   0.65  
00006  2004-04-02T11:44:15.100  134178319.285657  3437.596   26.43   57.24   164055.   44.154        4.411    0.420        5.491    0.448        6.572    0.475  137.295   9.611  170.921   9.611  204.546   9.611  0.23264E+22  0.57E+20    3437.597       1.800764  -62.6   0.65  
00007  2004-04-02T11:44:15.300  134178319.485657  3437.480   26.42   57.23   163627.   44.039        4.483    0.422        5.563    0.449        6.644    0.477  134.003   9.230  166.296   9.230  198.589   9.230  0.24225E+22  0.57E+20    3437.480       3.019157  -62.6   0.65  
00008  2004-04-02T11:44:15.500  134178319.685657  3437.339   26.42   57.23   163117.   43.902        4.574    0.424        5.654    0.452        6.734    0.479  132.063   8.916  163.256   8.916  194.450   8.916  0.25078E+22  0.57E+20    3437.339       2.187402  -62.6   0.65  
00009  2004-04-02T11:44:15.699  134178319.885657  3437.212   26.42   57.23   162658.   43.778        4.657    0.426        5.738    0.453        6.818    0.481  133.380   8.843  164.320   8.843  195.260   8.843  0.25284E+22  0.57E+20    3437.212       2.589705  -62.6   0.65  
00010  2004-04-02T11:44:15.900  134178320.085657  3437.071   26.41   57.23   162139.   43.638        4.750    0.428        5.831    0.456        6.911    0.483  135.970   8.839  166.892   8.839  197.815   8.839  0.25298E+22  0.57E+20    3437.071       1.735249  -62.6   0.65  
00011  2004-04-02T11:44:16.100  134178320.285657  3436.947   26.41   57.23   161690.   43.518        4.832    0.430        5.913    0.457        6.993    0.485  138.436   8.847  169.385   8.847  200.335   8.847  0.25276E+22  0.57E+20    3436.947       2.307177  -62.6   0.65  
00012  2004-04-02T11:44:16.300  134178320.485657  3436.809   26.40   57.23   161182.   43.381        4.924    0.432        6.004    0.459        7.084    0.487  140.214   8.794  170.979   8.794  201.745   8.794  0.25427E+22  0.57E+20    3436.809       1.758583  -62.6   0.65  
00013  2004-04-02T11:44:16.500  134178320.685657  3436.691   26.40   57.23   160755.   43.266        5.003    0.434        6.083    0.461        7.164    0.489  139.514   8.612  169.640   8.612  199.767   8.612  0.25966E+22  0.57E+20    3436.691       2.855807  -62.6   0.65  
00014  2004-04-02T11:44:16.699  134178320.885657  3436.547   26.40   57.22   160234.   43.126        5.101    0.436        6.182    0.463        7.262    0.491  140.158   8.485  169.840   8.485  199.522   8.485  0.26355E+22  0.57E+20    3436.547       1.764472  -62.6   0.65  
00015  2004-04-02T11:44:16.900  134178321.085657  3436.428   26.39   57.22   159795.   43.008        5.184    0.438        6.264    0.465        7.344    0.493  141.224   8.414  170.658   8.414  200.091   8.414  0.26578E+22  0.57E+20    3436.428       2.771047  -62.6   0.65  
00016  2004-04-02T11:44:17.100  134178321.285657  3436.293   26.39   57.22   159306.   42.876        5.279    0.440        6.359    0.467        7.439    0.495  139.542   8.164  168.101   8.164  196.659   8.164  0.27392E+22  0.57E+20    3436.293       2.465203  -62.6   0.65  
00017  2004-04-02T11:44:17.300  134178321.485657  3436.167   26.38   57.22   158841.   42.751        5.370    0.441        6.450    0.469        7.531    0.497  139.160   8.003  167.157   8.003  195.153   8.003  0.27942E+22  0.57E+20    3436.167       2.887932  -62.6   0.65  
00018  2004-04-02T11:44:17.500  134178321.685657  3436.028   26.38   57.22   158338.   42.616        5.472    0.444        6.552    0.471        7.633    0.499  140.312   7.919  168.014   7.919  195.717   7.919  0.28239E+22  0.57E+20    3436.028       2.217161  -62.6   0.65  
00019  2004-04-02T11:44:17.699  134178321.885657  3435.900   26.38   57.22   157875.   42.491        5.566    0.445        6.647    0.473        7.727    0.501  142.479   7.905  170.132   7.905  197.784   7.905  0.28290E+22  0.57E+20    3435.901       2.507813  -62.6   0.65  
00020  2004-04-02T11:44:17.900  134178322.085657  3435.766   26.37   57.21   157381.   42.358        5.666    0.447        6.746    0.475        7.827    0.503  143.914   7.845  171.355   7.845  198.795   7.845  0.28508E+22  0.57E+20    3435.766       2.211769  -62.6   0.65  
00021  2004-04-02T11:44:18.100  134178322.285657  3435.644   26.37   57.21   156939.   42.239        5.758    0.449        6.838    0.477        7.918    0.504  143.494   7.698  170.419   7.698  197.343   7.698  0.29055E+22  0.57E+20    3435.644       2.959888  -62.6   0.65  
00022  2004-04-02T11:44:18.300  134178322.485657  3435.507   26.36   57.21   156434.   42.103        5.863    0.451        6.943    0.479        8.023    0.507  143.276   7.548  169.677   7.548  196.079   7.548  0.29630E+22  0.57E+20    3435.507       2.435705  -62.6   0.65  
00023  2004-04-02T11:44:18.500  134178322.685657  3435.379   26.36   57.21   155971.   41.978        5.962    0.453        7.043    0.481        8.123    0.508  144.535   7.488  170.724   7.488  196.913   7.488  0.29871E+22  0.57E+20    3435.379       2.736513  -62.6   0.65  
00024  2004-04-02T11:44:18.699  134178322.885657  3435.242   26.36   57.21   155475.   41.845        6.070    0.455        7.150    0.483        8.230    0.510  146.348   7.448  172.397   7.448  198.446   7.448  0.30032E+22  0.57E+20    3435.242       2.217335  -62.6   0.65  
00025  2004-04-02T11:44:18.900  134178323.085657  3435.119   26.35   57.21   155020.   41.723        6.167    0.457        7.247    0.485        8.327    0.512  146.968   7.361  172.715   7.361  198.462   7.361  0.30384E+22  0.57E+20    3435.119       2.907063  -62.6   0.65  
00026  2004-04-02T11:44:19.100  134178323.285657  3434.984   26.35   57.21   154531.   41.591        6.275    0.459        7.355    0.487        8.436    0.514  146.756   7.224  172.022   7.224  197.288   7.224  0.30962E+22  0.57E+20    3434.984       2.557268  -62.6   0.65  
00027  2004-04-02T11:44:19.300  134178323.485657  3434.859   26.35   57.20   154079.   41.469        6.377    0.461        7.457    0.489        8.538    0.516  146.972   7.119  171.871   7.119  196.770   7.119  0.31419E+22  0.57E+20    3434.859       3.005230  -62.6   0.65  
00028  2004-04-02T11:44:19.500  134178323.685657  3434.720   26.34   57.20   153566.   41.331        6.492    0.463        7.572    0.491        8.652    0.518  148.344   7.059  173.031   7.059  197.718   7.059  0.31688E+22  0.57E+20    3434.720       2.358558  -62.6   0.65  
00029  2004-04-02T11:44:19.699  134178323.885657  3434.601   26.34   57.20   153135.   41.215        6.591    0.465        7.671    0.492        8.752    0.520  148.094   6.941  172.367   6.941  196.641   6.941  0.32228E+22  0.57E+20    3434.601       3.360382  -62.6   0.65  
00030  2004-04-02T11:44:19.900  134178324.085657  3434.462   26.33   57.20   152623.   41.077        6.710    0.467        7.790    0.495        8.870    0.522  147.641   6.798  171.413   6.798  195.185   6.798  0.32907E+22  0.57E+20    3434.462       2.650022  -62.6   0.65  
00031  2004-04-02T11:44:20.100  134178324.285657  3434.331   26.33   57.20   152148.   40.950        6.822    0.469        7.903    0.497        8.983    0.524  150.459   6.813  174.285   6.813  198.111   6.813  0.32833E+22  0.57E+20    3434.331       2.628030  -62.6   0.65  
00032  2004-04-02T11:44:20.300  134178324.485657  3434.207   26.33   57.20   151699.   40.829        6.930    0.471        8.010    0.498        9.090    0.526  149.992   6.687  173.375   6.687  196.758   6.687  0.33455E+22  0.57E+20    3434.207       3.225950  -62.6   0.65  
00033  2004-04-02T11:44:20.500  134178324.685657  3434.075   26.32   57.20   151212.   40.698        7.047    0.473        8.127    0.500        9.207    0.528  148.891   6.528  171.718   6.528  194.545   6.528  0.34271E+22  0.57E+20    3434.075       3.140467  -62.6   0.65  
00034  2004-04-02T11:44:20.699  134178324.885657  3433.948   26.32   57.19   150752.   40.574        7.162    0.475        8.242    0.502        9.322    0.530  148.232   6.394  170.593   6.394  192.953   6.394  0.34985E+22  0.57E+20    3433.948       3.469082  -62.6   0.65  
00035  2004-04-02T11:44:20.900  134178325.085657  3433.808   26.31   57.19   150235.   40.435        7.290    0.477        8.371    0.504        9.451    0.532  149.667   6.342  171.846   6.342  194.024   6.342  0.35272E+22  0.57E+20    3433.809       2.729758  -62.6   0.65  
00036  2004-04-02T11:44:21.100  134178325.285657  3433.688   26.31   57.19   149800.   40.318        7.402    0.479        8.482    0.506        9.563    0.534  150.062   6.264  171.964   6.264  193.866   6.264  0.35717E+22  0.57E+20    3433.688       3.585063  -62.6   0.65  
00037  2004-04-02T11:44:21.300  134178325.485657  3433.551   26.31   57.19   149304.   40.184        7.531    0.481        8.612    0.508        9.692    0.536  149.624   6.138  171.087   6.138  192.550   6.138  0.36448E+22  0.57E+20    3433.551       3.097698  -62.6   0.65  
00038  2004-04-02T11:44:21.500  134178325.685657  3433.423   26.30   57.19   148831.   40.057        7.654    0.482        8.734    0.510        9.815    0.538  150.824   6.088  172.112   6.088  193.401   6.088  0.36747E+22  0.57E+20    3433.423       3.299151  -62.6   0.65  
00039  2004-04-02T11:44:21.699  134178325.885657  3433.298   26.30   57.19   148378.   39.935        7.776    0.484        8.856    0.512        9.936    0.540  149.637   5.946  170.427   5.946  191.217   5.946  0.37627E+22  0.57E+20    3433.298       3.777947  -62.6   0.65  
00040  2004-04-02T11:44:21.900  134178326.085657  3433.158   26.29   57.19   147861.   39.796        7.914    0.486        8.995    0.514       10.075    0.542  150.658   5.882  171.224   5.882  191.789   5.882  0.38038E+22  0.57E+20    3433.158       2.995821  -62.6   0.65  
00041  2004-04-02T11:44:22.100  134178326.285657  3433.035   26.29   57.18   147415.   39.676        8.037    0.488        9.118    0.516       10.198    0.544  151.691   5.832  172.081   5.832  192.470   5.832  0.38366E+22  0.57E+20    3433.035       3.644480  -62.6   0.65  
00042  2004-04-02T11:44:22.300  134178326.485657  3432.902   26.29   57.18   146933.   39.546        8.172    0.490        9.252    0.518       10.333    0.546  151.286   5.720  171.286   5.720  191.285   5.720  0.39115E+22  0.57E+20    3432.902       3.444134  -62.6   0.65  
00043  2004-04-02T11:44:22.500  134178326.685657  3432.770   26.28   57.18   146446.   39.415        8.308    0.492        9.388    0.520       10.469    0.547  152.471   5.671  172.298   5.671  192.125   5.671  0.39456E+22  0.57E+20    3432.771       3.383620  -62.6   0.65  
00044  2004-04-02T11:44:22.699  134178326.885657  3432.642   26.28   57.18   145981.   39.290        8.441    0.494        9.521    0.522       10.602    0.549  152.882   5.597  172.449   5.597  192.016   5.597  0.39980E+22  0.57E+20    3432.642       3.600385  -62.6   0.65  
00045  2004-04-02T11:44:22.900  134178327.085657  3432.512   26.27   57.18   145501.   39.160        8.578    0.496        9.659    0.524       10.739    0.551  152.870   5.507  172.123   5.507  191.375   5.507  0.40633E+22  0.57E+20    3432.512       3.641057  -62.6   0.65  
00046  2004-04-02T11:44:23.100  134178327.285657  3432.378   26.27   57.18   145015.   39.030        8.721    0.498        9.802    0.526       10.882    0.553  154.106   5.460  173.196   5.460  192.285   5.460  0.40980E+22  0.57E+20    3432.378       3.354435  -62.6   0.65  
00047  2004-04-02T11:44:23.300  134178327.485657  3432.253   26.27   57.17   144562.   38.908        8.856    0.500        9.937    0.528       11.017    0.555  154.419   5.388  173.255   5.388  192.091   5.388  0.41530E+22  0.57E+20    3432.253       3.853590  -62.7   0.65  
00048  2004-04-02T11:44:23.500  134178327.685657  3432.124   26.26   57.17   144085.   38.779        8.998    0.502       10.079    0.530       11.159    0.557  153.504   5.272  171.933   5.272  190.363   5.272  0.42447E+22  0.57E+20    3432.124       3.943117  -62.7   0.65  
00049  2004-04-02T11:44:23.699  134178327.885657  3431.994   26.26   57.17   143613.   38.652        9.144    0.504       10.225    0.532       11.305    0.559  153.209   5.178  171.310   5.178  189.410   5.178  0.43218E+22  0.57E+20    3431.994       4.035061  -62.7   0.65  
00050  2004-04-02T11:44:23.900  134178328.085657  3431.861   26.25   57.17   143121.   38.520        9.296    0.506       10.376    0.533       11.456    0.561  153.853   5.115  171.734   5.115  189.614   5.115  0.43751E+22  0.57E+20    3431.861       3.785847  -62.7   0.65  
00051  2004-04-02T11:44:24.100  134178328.285657  3431.730   26.25   57.17   142646.   38.392        9.447    0.508       10.527    0.535       11.607    0.563  155.029   5.072  172.758   5.072  190.488   5.072  0.44123E+22  0.57E+20    3431.731       3.814123  -62.7   0.65  
00052  2004-04-02T11:44:24.300  134178328.485657  3431.606   26.25   57.17   142196.   38.271        9.591    0.510       10.672    0.537       11.752    0.565  154.500   4.978  171.902   4.978  189.305   4.978  0.44952E+22  0.57E+20    3431.606       4.326124  -62.7   0.65  
00053  2004-04-02T11:44:24.500  134178328.685657  3431.476   26.24   57.17   141715.   38.142        9.746    0.512       10.827    0.539       11.907    0.567  153.315   4.862  170.310   4.862  187.304   4.862  0.46032E+22  0.57E+20    3431.477       4.428210  -62.7   0.65  
00054  2004-04-02T11:44:24.699  134178328.885657  3431.347   26.24   57.16   141248.   38.016        9.903    0.514       10.984    0.541       12.064    0.569  152.743   4.767  169.406   4.767  186.068   4.767  0.46949E+22  0.57E+20    3431.347       4.532710  -62.7   0.65  
00055  2004-04-02T11:44:24.900  134178329.085657  3431.223   26.23   57.16   140788.   37.892       10.058    0.515       11.138    0.543       12.218    0.571  151.332   4.650  167.587   4.650  183.842   4.650  0.48126E+22  0.57E+20    3431.223       5.038608  -62.7   0.65  
00056  2004-04-02T11:44:25.100  134178329.285657  3431.084   26.23   57.16   140284.   37.756       10.235    0.518       11.315    0.545       12.395    0.573  151.473   4.574  167.462   4.574  183.451   4.574  0.48926E+22  0.57E+20    3431.084       4.336639  -62.7   0.65  
00057  2004-04-02T11:44:25.300  134178329.485657  3430.958   26.23   57.16   139827.   37.633       10.397    0.519       11.477    0.547       12.558    0.575  152.359   4.529  168.190   4.529  184.022   4.529  0.49414E+22  0.57E+20    3430.958       4.723832  -62.7   0.65  
00058  2004-04-02T11:44:25.500  134178329.685657  3430.822   26.22   57.16   139324.   37.498       10.574    0.521       11.655    0.549       12.735    0.577  153.106   4.475  168.749   4.475  184.391   4.475  0.50011E+22  0.57E+20    3430.822       4.288071  -62.7   0.65  
00059  2004-04-02T11:44:25.699  134178329.885657  3430.695   26.22   57.16   138863.   37.374       10.741    0.523       11.822    0.551       12.902    0.579  154.179   4.437  169.686   4.437  185.193   4.437  0.50448E+22  0.57E+20    3430.695       4.542751  -62.7   0.65  
00060  2004-04-02T11:44:25.900  134178330.085657  3430.562   26.21   57.16   138371.   37.241       10.918    0.525       11.999    0.553       13.079    0.581  155.016   4.389  170.355   4.389  185.693   4.389  0.51002E+22  0.57E+20    3430.562       4.318268  -62.7   0.65  
00061  2004-04-02T11:44:26.100  134178330.285657  3430.440   26.21   57.15   137928.   37.122       11.083    0.527       12.163    0.555       13.244    0.582  154.712   4.315  169.793   4.315  184.874   4.315  0.51872E+22  0.57E+20    3430.440       5.059704  -62.7   0.65  
00062  2004-04-02T11:44:26.300  134178330.485657  3430.306   26.21   57.15   137442.   36.991       11.267    0.529       12.347    0.557       13.428    0.584  154.148   4.229  168.928   4.229  183.709   4.229  0.52927E+22  0.57E+20    3430.306       4.771453  -62.7   0.65  
00063  2004-04-02T11:44:26.500  134178330.685657  3430.179   26.20   57.15   136971.   36.865       11.444    0.531       12.525    0.559       13.605    0.586  154.403   4.170  168.978   4.170  183.553   4.170  0.53672E+22  0.57E+20    3430.179       5.036296  -62.7   0.65  
00064  2004-04-02T11:44:26.699  134178330.885657  3430.042   26.20   57.15   136474.   36.731       11.638    0.533       12.719    0.561       13.799    0.588  155.503   4.130  169.937   4.130  184.372   4.130  0.54195E+22  0.57E+20    3430.042       4.477489  -62.7   0.65  
00065  2004-04-02T11:44:26.900  134178331.085657  3429.923   26.19   57.15   136032.   36.612       11.809    0.535       12.889    0.563       13.969    0.590  155.348   4.067  169.560   4.067  183.772   4.067  0.55043E+22  0.57E+20    3429.924       5.477134  -62.7   0.65  
00066  2004-04-02T11:44:27.100  134178331.285657  3429.786   26.19   57.15   135535.   36.478       12.008    0.537       13.089    0.565       14.169    0.592  154.943   3.989  168.883   3.989  182.822   3.989  0.56120E+22  0.57E+20    3429.786       4.882093  -62.7   0.65  
00067  2004-04-02T11:44:27.300  134178331.485657  3429.662   26.19   57.15   135084.   36.357       12.192    0.539       13.272    0.566       14.353    0.594  155.297   3.938  169.057   3.938  182.818   3.938  0.56849E+22  0.57E+20    3429.662       5.432532  -62.7   0.65  
00068  2004-04-02T11:44:27.500  134178331.685657  3429.532   26.18   57.14   134603.   36.227       12.388    0.541       13.468    0.568       14.549    0.596  154.661   3.860  168.148   3.860  181.636   3.860  0.58000E+22  0.57E+20    3429.532       5.434561  -62.7   0.65  
00069  2004-04-02T11:44:27.699  134178331.885657  3429.403   26.18   57.14   134135.   36.101       12.586    0.543       13.666    0.570       14.747    0.598  154.547   3.796  167.813   3.796  181.078   3.796  0.58970E+22  0.57E+20    3429.403       5.576814  -62.7   0.65  
00070  2004-04-02T11:44:27.900  134178332.085657  3429.266   26.17   57.14   133628.   35.965       12.799    0.545       13.879    0.572       14.960    0.600  155.622   3.759  168.758   3.759  181.894   3.759  0.59554E+22  0.57E+20    3429.267       5.032867  -62.7   0.65  
00071  2004-04-02T11:44:28.100  134178332.285657  3429.143   26.17   57.14   133181.   35.845       12.992    0.547       14.073    0.574       15.153    0.602  156.261   3.718  169.255   3.718  182.248   3.718  0.60206E+22  0.57E+20    3429.143       5.593542  -62.7   0.65  
00072  2004-04-02T11:44:28.300  134178332.485657  3429.014   26.17   57.14   132712.   35.718       13.198    0.549       14.278    0.576       15.359    0.604  155.643   3.646  168.383   3.646  181.124   3.646  0.61402E+22  0.57E+20    3429.014       5.743525  -62.7   0.65  
00073  2004-04-02T11:44:28.500  134178332.685657  3428.889   26.16   57.14   132249.   35.594       13.402    0.550       14.482    0.578       15.562    0.606  154.824   3.572  167.305   3.572  179.786   3.572  0.62679E+22  0.57E+20    3428.889       6.171565  -62.7   0.65  
00074  2004-04-02T11:44:28.699  134178332.885657  3428.752   26.16   57.13   131751.   35.460       13.629    0.553       14.709    0.580       15.789    0.608  155.058   3.518  167.349   3.518  179.640   3.518  0.63645E+22  0.57E+20    3428.753       5.637662  -62.7   0.65  
00075  2004-04-02T11:44:28.900  134178333.085657  3428.624   26.15   57.13   131277.   35.332       13.843    0.554       14.924    0.582       16.004    0.610  156.021   3.485  168.197   3.485  180.372   3.485  0.64249E+22  0.57E+20    3428.625       5.822676  -62.7   0.65  
00076  2004-04-02T11:44:29.100  134178333.285657  3428.491   26.15   57.13   130793.   35.202       14.069    0.556       15.149    0.584       16.230    0.612  156.919   3.449  168.968   3.449  181.018   3.449  0.64922E+22  0.57E+20    3428.491       5.541621  -62.7   0.65  
00077  2004-04-02T11:44:29.300  134178333.485657  3428.370   26.15   57.13   130353.   35.084       14.277    0.558       15.357    0.586       16.438    0.613  156.707   3.394  168.565   3.394  180.423   3.394  0.65971E+22  0.57E+20    3428.371       6.393659  -62.7   0.65  
00078  2004-04-02T11:44:29.500  134178333.685657  3428.227   26.14   57.13   129824.   34.941       14.526    0.560       15.606    0.588       16.687    0.616  157.594   3.355  169.315   3.355  181.035   3.355  0.66744E+22  0.57E+20    3428.228       5.317960  -62.7   0.65  
00079  2004-04-02T11:44:29.699  134178333.885657  3428.111   26.14   57.13   129402.   34.828       14.730    0.562       15.811    0.590       16.891    0.617  158.146   3.320  169.744   3.320  181.343   3.320  0.67447E+22  0.57E+20    3428.111       6.450946  -62.7   0.65  
00080  2004-04-02T11:44:29.900  134178334.085657  3427.974   26.13   57.13   128895.   34.691       14.975    0.564       16.056    0.592       17.136    0.619  157.863   3.260  169.252   3.260  180.640   3.260  0.68691E+22  0.57E+20    3427.975       5.917898  -62.7   0.65  
00081  2004-04-02T11:44:30.100  134178334.285657  3427.845   26.13   57.12   128426.   34.565       15.209    0.566       16.289    0.594       17.369    0.621  159.087   3.235  170.387   3.235  181.688   3.235  0.69226E+22  0.57E+20    3427.845       5.966474  -62.7   0.65  
00082  2004-04-02T11:44:30.300  134178334.485657  3427.720   26.13   57.12   127972.   34.443       15.438    0.568       16.518    0.596       17.598    0.623  159.107   3.187  170.241   3.187  181.375   3.187  0.70259E+22  0.57E+20    3427.720       6.417660  -62.7   0.65  
00083  2004-04-02T11:44:30.500  134178334.685657  3427.590   26.12   57.12   127490.   34.313       15.680    0.570       16.760    0.598       17.840    0.625  158.847   3.133  169.791   3.133  180.736   3.133  0.71477E+22  0.57E+20    3427.591       6.457644  -62.7   0.65  
00084  2004-04-02T11:44:30.699  134178334.885657  3427.457   26.12   57.12   127006.   34.183       15.931    0.572       17.011    0.600       18.091    0.627  159.540   3.097  170.359   3.097  181.178   3.097  0.72306E+22  0.57E+20    3427.458       6.224147  -62.7   0.65  
00085  2004-04-02T11:44:30.900  134178335.085657  3427.325   26.11   57.12   126517.   34.051       16.182    0.574       17.263    0.602       18.343    0.629  160.878   3.074  171.619   3.074  182.359   3.074  0.72837E+22  0.57E+20    3427.325       6.048232  -62.7   0.65  
00086  2004-04-02T11:44:31.100  134178335.285657  3427.211   26.11   57.12   126102.   33.939       16.403    0.576       17.483    0.603       18.563    0.631  159.926   3.015  170.459   3.015  180.992   3.015  0.74268E+22  0.57E+20    3427.212       7.420649  -62.7   0.65  
00087  2004-04-02T11:44:31.300  134178335.485657  3427.067   26.11   57.12   125578.   33.798       16.686    0.578       17.767    0.605       18.847    0.633  159.829   2.962  170.177   2.962  180.525   2.962  0.75598E+22  0.57E+20    3427.067       6.228552  -62.7   0.65  
00088  2004-04-02T11:44:31.500  134178335.685657  3426.944   26.10   57.11   125122.   33.676       16.931    0.580       18.012    0.607       19.092    0.635  161.045   2.942  171.320   2.942  181.596   2.942  0.76129E+22  0.57E+20    3426.944       6.833165  -62.7   0.65  
00089  2004-04-02T11:44:31.699  134178335.885657  3426.813   26.10   57.11   124645.   33.547       17.195    0.582       18.276    0.609       19.356    0.637  161.080   2.897  171.201   2.897  181.321   2.897  0.77299E+22  0.57E+20    3426.813       6.750195  -62.7   0.65  
00090  2004-04-02T11:44:31.900  134178336.085657  3426.684   26.09   57.11   124167.   33.419       17.459    0.584       18.539    0.611       19.620    0.639  161.614   2.863  171.615   2.863  181.615   2.863  0.78225E+22  0.57E+20    3426.684       6.835255  -62.7   0.65  
00091  2004-04-02T11:44:32.100  134178336.285657  3426.551   26.09   57.11   123683.   33.288       17.734    0.586       18.814    0.613       19.894    0.641  162.533   2.835  172.434   2.835  182.335   2.835  0.79007E+22  0.57E+20    3426.551       6.591653  -62.7   0.65  
00092  2004-04-02T11:44:32.300  134178336.485657  3426.425   26.09   57.11   123224.   33.165       17.997    0.587       19.077    0.615       20.157    0.643  163.195   2.805  172.991   2.805  182.788   2.805  0.79854E+22  0.57E+20    3426.425       6.930373  -62.7   0.65  
00093  2004-04-02T11:44:32.500  134178336.685657  3426.296   26.08   57.11   122746.   33.036       18.269    0.589       19.350    0.617       20.430    0.645  163.383   2.766  173.044   2.766  182.706   2.766  0.80970E+22  0.57E+20    3426.296       6.995458  -62.7   0.65  
00094  2004-04-02T11:44:32.699  134178336.885657  3426.171   26.08   57.11   122291.   32.914       18.538    0.591       19.618    0.619       20.698    0.647  163.190   2.723  172.701   2.723  182.211   2.723  0.82256E+22  0.57E+20    3426.172       7.477566  -62.7   0.65  
00095  2004-04-02T11:44:32.900  134178337.085657  3426.034   26.07   57.10   121783.   32.777       18.836    0.593       19.916    0.621       20.996    0.649  163.877   2.691  173.277   2.691  182.676   2.691  0.83227E+22  0.57E+20    3426.034       6.815680  -62.7   0.65  
00096  2004-04-02T11:44:33.100  134178337.285657  3425.903   26.07   57.10   121306.   32.649       19.123    0.595       20.203    0.623       21.284    0.651  165.578   2.678  174.932   2.678  184.286   2.678  0.83629E+22  0.57E+20    3425.904       6.791629  -62.7   0.65  
00097  2004-04-02T11:44:33.300  134178337.485657  3425.789   26.07   57.10   120891.   32.537       19.376    0.597       20.456    0.625       21.536    0.652  164.808   2.631  173.997   2.631  183.187   2.631  0.85131E+22  0.57E+20    3425.790       8.110474  -62.7   0.65  
00098  2004-04-02T11:44:33.500  134178337.685657  3425.652   26.06   57.10   120383.   32.400       19.686    0.599       20.766    0.627       21.846    0.654  164.114   2.579  173.121   2.579  182.127   2.579  0.86858E+22  0.57E+20    3425.652       7.497436  -62.7   0.65  
00099  2004-04-02T11:44:33.699  134178337.885657  3425.523   26.06   57.10   119913.   32.274       19.982    0.601       21.062    0.629       22.142    0.656  165.022   2.555  173.945   2.555  182.867   2.555  0.87678E+22  0.57E+20    3425.523       7.577855  -62.7   0.65  
00100  2004-04-02T11:44:33.900  134178338.085657  3425.391   26.05   57.10   119424.   32.142       20.288    0.603       21.368    0.631       22.448    0.658  165.807   2.528  174.636   2.528  183.466   2.528  0.88600E+22  0.57E+20    3425.392       7.425755  -62.7   0.65  
00101  2004-04-02T11:44:34.100  134178338.285657  3425.260   26.05   57.09   118947.   32.014       20.594    0.605       21.674    0.633       22.755    0.660  166.925   2.507  175.682   2.507  184.438   2.507  0.89336E+22  0.57E+20    3425.261       7.331617  -62.7   0.65  
00102  2004-04-02T11:44:34.300  134178338.485657  3425.141   26.05   57.09   118513.   31.897       20.876    0.607       21.956    0.634       23.036    0.662  166.705   2.470  175.332   2.470  183.959   2.470  0.90677E+22  0.57E+20    3425.142       8.248922  -62.7   0.65  
00103  2004-04-02T11:44:34.500  134178338.685657  3425.004   26.04   57.09   118005.   31.760       21.205    0.609       22.285    0.636       23.366    0.664  166.786   2.433  175.283   2.433  183.780   2.433  0.92063E+22  0.57E+20    3425.005       7.648395  -62.7   0.65  
00104  2004-04-02T11:44:34.699  134178338.885657  3424.870   26.04   57.09   117517.   31.629       21.530    0.611       22.611    0.638       23.691    0.666  168.560   2.422  177.018   2.422  185.476   2.422  0.92491E+22  0.57E+20    3424.871       7.326549  -62.7   0.65  
00105  2004-04-02T11:44:34.900  134178339.085657  3424.747   26.03   57.09   117060.   31.506       21.831    0.613       22.911    0.640       23.992    0.668  169.320   2.400  177.699   2.400  186.078   2.400  0.93362E+22  0.57E+20    3424.748       7.864848  -62.7   0.65  
00106  2004-04-02T11:44:35.100  134178339.285657  3424.618   26.03   57.09   116590.   31.379       22.150    0.615       23.230    0.642       24.311    0.670  169.445   2.367  177.709   2.367  185.974   2.367  0.94657E+22  0.57E+20    3424.619       7.935399  -62.7   0.65  
00107  2004-04-02T11:44:35.300  134178339.485657  3424.493   26.03   57.09   116134.   31.257       22.464    0.617       23.544    0.644       24.624    0.672  169.486   2.334  177.637   2.334  185.788   2.334  0.95973E+22  0.57E+20    3424.493       8.312799  -62.7   0.65  
00108  2004-04-02T11:44:35.500  134178339.685657  3424.359   26.02   57.08   115637.   31.123       22.804    0.619       23.884    0.646       24.965    0.674  169.954   2.306  178.006   2.306  186.057   2.306  0.97160E+22  0.57E+20    3424.360       8.001167  -62.7   0.65  
00109  2004-04-02T11:44:35.699  134178339.885657  3424.234   26.02   57.08   115182.   31.000       23.125    0.620       24.206    0.648       25.286    0.676  170.472   2.281  178.436   2.281  186.400   2.281  0.98229E+22  0.57E+20    3424.235       8.383576  -62.7   0.65  
00110  2004-04-02T11:44:35.900  134178340.085657  3424.104   26.01   57.08   114699.   30.870       23.464    0.622       24.544    0.650       25.624    0.678  170.692   2.251  178.551   2.251  186.410   2.251  0.99538E+22  0.57E+20    3424.105       8.367602  -62.7   0.65  
00111  2004-04-02T11:44:36.100  134178340.285657  3423.975   26.01   57.08   114229.   30.744       23.804    0.624       24.884    0.652       25.964    0.680  171.177   2.225  178.946   2.225  186.715   2.225  0.10069E+23  0.57E+20    3423.976       8.464737  -62.7   0.65  
00112  2004-04-02T11:44:36.300  134178340.485657  3423.849   26.01   57.08   113770.   30.620       24.140    0.626       25.220    0.654       26.300    0.681  171.367   2.197  179.036   2.197  186.705   2.197  0.10200E+23  0.57E+20    3423.849       8.716590  -62.7   0.65  
00113  2004-04-02T11:44:36.500  134178340.685657  3423.719   26.00   57.08   113287.   30.490       24.491    0.628       25.571    0.656       26.652    0.683  171.648   2.169  179.219   2.169  186.791   2.169  0.10332E+23  0.57E+20    3423.719       8.694230  -62.7   0.65  
00114  2004-04-02T11:44:36.699  134178340.885657  3423.592   26.00   57.08   112824.   30.366       24.839    0.630       25.919    0.658       26.999    0.685  171.922   2.142  179.400   2.142  186.877   2.142  0.10462E+23  0.57E+20    3423.593       8.951301  -62.7   0.65  
00115  2004-04-02T11:44:36.900  134178341.085657  3423.454   25.99   57.07   112312.   30.228       25.220    0.632       26.301    0.660       27.381    0.687  173.057   2.123  180.470   2.123  187.883   2.123  0.10553E+23  0.57E+20    3423.455       8.269486  -62.7   0.65  
00116  2004-04-02T11:44:37.100  134178341.285657  3423.334   25.99   57.07   111874.   30.110       25.555    0.634       26.636    0.662       27.716    0.689  173.735   2.104  181.080   2.104  188.424   2.104  0.10651E+23  0.57E+20    3423.334       9.057677  -62.7   0.65  
00117  2004-04-02T11:44:37.300  134178341.485657  3423.209   25.99   57.07   111418.   29.987       25.909    0.636       26.989    0.663       28.070    0.691  173.135   2.068  180.355   2.068  187.574   2.068  0.10836E+23  0.57E+20    3423.210       9.460948  -62.7   0.65  
00118  2004-04-02T11:44:37.500  134178341.685657  3423.069   25.98   57.07   110899.   29.848       26.310    0.638       27.391    0.666       28.471    0.693  174.027   2.047  181.172   2.047  188.318   2.047  0.10948E+23  0.57E+20    3423.070       8.620440  -62.8   0.65  
00119  2004-04-02T11:44:37.699  134178341.885657  3422.946   25.98   57.07   110450.   29.727       26.666    0.640       27.747    0.667       28.827    0.695  175.044   2.031  182.136   2.031  189.228   2.031  0.11031E+23  0.57E+20    3422.947       9.167207  -62.8   0.65  
00120  2004-04-02T11:44:37.900  134178342.085657  3422.821   25.97   57.07   109985.   29.602       27.032    0.642       28.113    0.669       29.193    0.697  174.890   2.002  181.880   2.002  188.869   2.002  0.11192E+23  0.57E+20    3422.821       9.508838  -62.8   0.65  
00121  2004-04-02T11:44:38.100  134178342.285657  3422.687   25.97   57.07   109496.   29.470       27.430    0.644       28.510    0.671       29.590    0.699  175.435   1.979  182.345   1.979  189.255   1.979  0.11322E+23  0.57E+20    3422.687       9.160467  -62.8   0.65  
00122  2004-04-02T11:44:38.300  134178342.485657  3422.572   25.97   57.06   109077.   29.357       27.775    0.645       28.855    0.673       29.936    0.701  175.054   1.951  181.863   1.951  188.672   1.951  0.11489E+23  0.57E+20    3422.573      10.407711  -62.8   0.65  
00123  2004-04-02T11:44:38.500  134178342.685657  3422.434   25.96   57.06   108565.   29.219       28.196    0.648       29.277    0.675       30.357    0.703  174.749   1.918  181.445   1.918  188.140   1.918  0.11684E+23  0.57E+20    3422.435       9.718044  -62.8   0.65  
00124  2004-04-02T11:44:38.699  134178342.885657  3422.314   25.96   57.06   108127.   29.102       28.568    0.649       29.648    0.677       30.729    0.705  174.847   1.894  181.459   1.894  188.071   1.894  0.11831E+23  0.57E+20    3422.315      10.554994  -62.8   0.65  
00125  2004-04-02T11:44:38.900  134178343.085657  3422.179   25.95   57.06   107625.   28.967       28.992    0.651       30.072    0.679       31.153    0.707  174.839   1.866  181.354   1.866  187.869   1.866  0.12007E+23  0.57E+20    3422.180      10.064148  -62.8   0.65  
00126  2004-04-02T11:44:39.100  134178343.285657  3422.057   25.95   57.06   107180.   28.847       29.380    0.653       30.461    0.681       31.541    0.708  175.020   1.844  181.455   1.844  187.891   1.844  0.12156E+23  0.57E+20    3422.058      10.712343  -62.8   0.65  
00127  2004-04-02T11:44:39.300  134178343.485657  3421.934   25.95   57.06   106731.   28.726       29.778    0.655       30.858    0.683       31.939    0.710  174.171   1.810  180.490   1.810  186.809   1.810  0.12380E+23  0.57E+20    3421.935      11.279990  -62.8   0.65  
00128  2004-04-02T11:44:39.500  134178343.685657  3421.797   25.94   57.05   106223.   28.589       30.228    0.657       31.308    0.685       32.389    0.712  174.315   1.785  180.544   1.785  186.774   1.785  0.12557E+23  0.57E+20    3421.798      10.602718  -62.8   0.65  
00129  2004-04-02T11:44:39.699  134178343.885657  3421.676   25.94   57.05   105781.   28.470       30.631    0.659       31.711    0.687       32.792    0.714  174.572   1.764  180.729   1.764  186.886   1.764  0.12705E+23  0.57E+20    3421.677      11.314267  -62.8   0.65  
00130  2004-04-02T11:44:39.900  134178344.085657  3421.538   25.93   57.05   105268.   28.332       31.096    0.661       32.176    0.689       33.257    0.716  175.001   1.742  181.081   1.742  187.161   1.742  0.12867E+23  0.57E+20    3421.539      10.628044  -62.8   0.65  
00131  2004-04-02T11:44:40.100  134178344.285657  3421.421   25.93   57.05   104841.   28.217       31.495    0.663       32.575    0.690       33.656    0.718  175.156   1.721  181.164   1.721  187.172   1.721  0.13020E+23  0.57E+20    3421.421      11.635980  -62.8   0.65  
00132  2004-04-02T11:44:40.300  134178344.485657  3421.290   25.93   57.05   104363.   28.088       31.949    0.665       33.029    0.692       34.109    0.720  174.737   1.693  180.645   1.693  186.554   1.693  0.13240E+23  0.57E+20    3421.291      11.523410  -62.8   0.65  
00133  2004-04-02T11:44:40.500  134178344.685657  3421.157   25.92   57.05   103868.   27.955       32.415    0.667       33.496    0.694       34.576    0.722  175.343   1.674  181.187   1.674  187.031   1.674  0.13387E+23  0.57E+20    3421.158      11.274650  -62.8   0.65  
00134  2004-04-02T11:44:40.699  134178344.885657  3421.035   25.92   57.05   103423.   27.835       32.849    0.669       33.929    0.696       35.009    0.724  175.529   1.654  181.302   1.654  187.074   1.654  0.13551E+23  0.57E+20    3421.036      11.860594  -62.8   0.65  
00135  2004-04-02T11:44:40.900  134178345.085657  3420.903   25.91   57.04   102932.   27.703       33.323    0.671       34.404    0.698       35.484    0.726  175.651   1.632  181.346   1.632  187.041   1.632  0.13737E+23  0.57E+20    3420.904      11.658435  -62.8   0.65  
00136  2004-04-02T11:44:41.100  134178345.285657  3420.779   25.91   57.04   102479.   27.582       33.775    0.673       34.856    0.700       35.936    0.728  175.874   1.612  181.500   1.612  187.125   1.612  0.13906E+23  0.57E+20    3420.779      12.069400  -62.8   0.65  
00137  2004-04-02T11:44:41.300  134178345.485657  3420.656   25.91   57.04   102030.   27.461       34.230    0.674       35.310    0.702       36.391    0.730  175.423   1.586  180.959   1.586  186.496   1.586  0.14130E+23  0.57E+20    3420.657      12.663306  -62.8   0.65  
00138  2004-04-02T11:44:41.500  134178345.685657  3420.532   25.90   57.04   101568.   27.336       34.696    0.676       35.777    0.704       36.857    0.731  174.676   1.559  180.115   1.559  185.554   1.559  0.14383E+23  0.57E+20    3420.533      13.121046  -62.8   0.65  
00139  2004-04-02T11:44:41.699  134178345.885657  3420.405   25.90   57.04   101104.   27.211       35.182    0.678       36.263    0.706       37.343    0.733  174.107   1.532  179.454   1.532  184.800   1.532  0.14632E+23  0.57E+20    3420.406      13.303837  -62.8   0.65  
00140  2004-04-02T11:44:41.900  134178346.085657  3420.276   25.89   57.04   100624.   27.082       35.684    0.680       36.764    0.708       37.845    0.735  173.923   1.509  179.189   1.509  184.454   1.509  0.14857E+23  0.57E+20    3420.277      13.336656  -62.8   0.65  
00141  2004-04-02T11:44:42.100  134178346.285657  3420.139   25.89   57.04   100123.   26.948       36.224    0.682       37.304    0.710       38.385    0.737  174.608   1.492  179.815   1.492  185.023   1.492  0.15022E+23  0.57E+20    3420.140      12.705591  -62.8   0.65  
00142  2004-04-02T11:44:42.300  134178346.485657  3420.025   25.89   57.03    99707.   26.836       36.679    0.684       37.759    0.712       38.839    0.739  174.514   1.473  179.654   1.473  184.794   1.473  0.15219E+23  0.57E+20    3420.026      14.006739  -62.8   0.65  
00143  2004-04-02T11:44:42.500  134178346.685657  3419.897   25.88   57.03    99231.   26.707       37.197    0.686       38.278    0.713       39.358    0.741  173.678   1.446  178.723   1.446  183.767   1.446  0.15509E+23  0.57E+20    3419.898      14.061005  -62.8   0.65  
00144  2004-04-02T11:44:42.699  134178346.885657  3419.766   25.88   57.03    98752.   26.578       37.737    0.688       38.818    0.715       39.898    0.743  173.726   1.425  178.700   1.425  183.673   1.425  0.15729E+23  0.57E+20    3419.767      13.979094  -62.8   0.65  
00145  2004-04-02T11:44:42.900  134178347.085657  3419.641   25.87   57.03    98286.   26.453       38.260    0.690       39.340    0.717       40.420    0.745  173.752   1.406  178.658   1.406  183.564   1.406  0.15945E+23  0.57E+20    3419.642      14.302317  -62.8   0.65  
00146  2004-04-02T11:44:43.100  134178347.285657  3419.521   25.87   57.03    97848.   26.335       38.769    0.691       39.849    0.719       40.929    0.747  173.171   1.383  177.997   1.383  182.822   1.383  0.16211E+23  0.57E+20    3419.522      15.072620  -62.8   0.65  
00147  2004-04-02T11:44:43.300  134178347.485657  3419.382   25.87   57.03    97340.   26.198       39.368    0.694       40.448    0.721       41.529    0.749  173.248   1.363  178.003   1.363  182.757   1.363  0.16454E+23  0.57E+20    3419.383      14.303869  -62.8   0.65  
00148  2004-04-02T11:44:43.500  134178347.685657  3419.269   25.86   57.03    96918.   26.085       39.862    0.695       40.942    0.723       42.023    0.751  173.068   1.344  177.759   1.344  182.449   1.344  0.16678E+23  0.57E+20    3419.270      15.621308  -62.8   0.65  
00149  2004-04-02T11:44:43.699  134178347.885657  3419.130   25.86   57.02    96410.   25.948       40.479    0.697       41.559    0.725       42.640    0.753  172.862   1.322  177.475   1.322  182.089   1.322  0.16957E+23  0.57E+20    3419.131      14.857432  -62.8   0.65  
00150  2004-04-02T11:44:43.900  134178348.085657  3419.012   25.85   57.02    95969.   25.829       41.011    0.699       42.091    0.727       43.171    0.754  172.921   1.306  177.476   1.306  182.031   1.306  0.17173E+23  0.57E+20    3419.013      15.791013  -62.8   0.65  
00151  2004-04-02T11:44:44.100  134178348.285657  3418.879   25.85   57.02    95483.   25.699       41.618    0.701       42.699    0.729       43.779    0.756  172.781   1.286  177.266   1.286  181.751   1.286  0.17442E+23  0.57E+20    3418.880      15.421200  -62.8   0.65  
00152  2004-04-02T11:44:44.300  134178348.485657  3418.750   25.85   57.02    95012.   25.572       42.216    0.703       43.296    0.731       44.376    0.758  173.261   1.271  177.695   1.271  182.129   1.271  0.17643E+23  0.57E+20    3418.751      15.498597  -62.8   0.65  
00153  2004-04-02T11:44:44.500  134178348.685657  3418.625   25.84   57.02    94545.   25.446       42.802    0.705       43.882    0.733       44.962    0.760  173.409   1.255  177.786   1.255  182.162   1.255  0.17873E+23  0.57E+20    3418.627      15.856513  -62.8   0.65  
00154  2004-04-02T11:44:44.699  134178348.885657  3418.502   25.84   57.02    94096.   25.325       43.387    0.707       44.467    0.734       45.547    0.762  173.206   1.236  177.519   1.236  181.832   1.236  0.18138E+23  0.57E+20    3418.503      16.355966  -62.8   0.65  
00155  2004-04-02T11:44:44.900  134178349.085657  3418.367   25.83   57.01    93593.   25.190       44.037    0.709       45.118    0.737       46.198    0.764  173.510   1.220  177.767   1.220  182.023   1.220  0.18378E+23  0.57E+20    3418.368      15.829463  -62.8   0.65  
00156  2004-04-02T11:44:45.100  134178349.285657  3418.252   25.83   57.01    93173.   25.077       44.599    0.711       45.680    0.738       46.760    0.766  173.432   1.204  177.633   1.204  181.834   1.204  0.18621E+23  0.57E+20    3418.254      17.084906  -62.8   0.65  
00157  2004-04-02T11:44:45.300  134178349.485657  3418.123   25.83   57.01    92701.   24.950       45.239    0.713       46.320    0.740       47.400    0.768  172.904   1.184  177.033   1.184  181.162   1.184  0.18946E+23  0.57E+20    3418.124      17.036245  -62.8   0.65  
00158  2004-04-02T11:44:45.500  134178349.685657  3417.998   25.82   57.01    92235.   24.824       45.869    0.714       46.950    0.742       48.030    0.770  172.824   1.167  176.894   1.167  180.964   1.167  0.19219E+23  0.57E+20    3417.999      17.407279  -62.8   0.65  
00159  2004-04-02T11:44:45.699  134178349.885657  3417.872   25.82   57.01    91774.   24.700       46.514    0.716       47.594    0.744       48.674    0.772  172.640   1.149  176.650   1.149  180.660   1.149  0.19509E+23  0.57E+20    3417.873      17.641719  -62.8   0.65  
00160  2004-04-02T11:44:45.900  134178350.085657  3417.745   25.81   57.01    91300.   24.573       47.173    0.718       48.253    0.746       49.334    0.774  172.562   1.133  176.514   1.133  180.466   1.133  0.19795E+23  0.57E+20    3417.747      17.865121  -62.8   0.65  
00161  2004-04-02T11:44:46.100  134178350.285657  3417.619   25.81   57.01    90839.   24.449       47.837    0.720       48.917    0.748       49.997    0.775  172.494   1.117  176.390   1.117  180.285   1.117  0.20081E+23  0.57E+20    3417.620      18.118768  -62.8   0.65  
00162  2004-04-02T11:44:46.300  134178350.485657  3417.493   25.81   57.00    90378.   24.325       48.510    0.722       49.590    0.750       50.671    0.777  172.433   1.101  176.273   1.101  180.113   1.101  0.20371E+23  0.57E+20    3417.494      18.361191  -62.8   0.65  
00163  2004-04-02T11:44:46.500  134178350.685657  3417.369   25.80   57.00    89916.   24.200       49.182    0.724       50.263    0.752       51.343    0.779  172.298   1.085  176.083   1.085  179.867   1.085  0.20670E+23  0.57E+20    3417.370      18.745212  -62.8   0.65  
00164  2004-04-02T11:44:46.699  134178350.885657  3417.246   25.80   57.00    89466.   24.079       49.859    0.726       50.940    0.753       52.020    0.781  171.989   1.068  175.716   1.068  179.442   1.068  0.20992E+23  0.57E+20    3417.247      19.271279  -62.8   0.65  
00165  2004-04-02T11:44:46.900  134178351.085657  3417.108   25.79   57.00    88951.   23.941       50.630    0.728       51.711    0.756       52.791    0.783  172.306   1.054  175.983   1.054  179.659   1.054  0.21277E+23  0.57E+20    3417.109      18.519443  -62.8   0.65  
00166  2004-04-02T11:44:47.100  134178351.285657  3416.984   25.79   57.00    88498.   23.818       51.331    0.730       52.411    0.757       53.492    0.785  172.872   1.043  176.510   1.043  180.148   1.043  0.21501E+23  0.57E+20    3416.985      18.939158  -62.8   0.65  
00167  2004-04-02T11:44:47.300  134178351.485657  3416.851   25.79   57.00    88011.   23.687       52.091    0.732       53.172    0.759       54.252    0.787  173.381   1.031  176.977   1.031  180.573   1.031  0.21756E+23  0.57E+20    3416.853      18.637696  -62.8   0.65  
00168  2004-04-02T11:44:47.500  134178351.685657  3416.737   25.78   57.00    87584.   23.573       52.751    0.734       53.831    0.761       54.912    0.789  173.383   1.018  176.934   1.018  180.485   1.018  0.22031E+23  0.57E+20    3416.738      19.870336  -62.8   0.65  
00169  2004-04-02T11:44:47.699  134178351.885657  3416.604   25.78   56.99    87098.   23.442       53.532    0.736       54.612    0.763       55.692    0.791  173.275   1.003  176.772   1.003  180.269   1.003  0.22371E+23  0.57E+20    3416.606      19.574086  -62.8   0.65  
00170  2004-04-02T11:44:47.900  134178352.085657  3416.484   25.77   56.99    86650.   23.321       54.246    0.737       55.326    0.765       56.407    0.793  173.335   0.990  176.787   0.990  180.239   0.990  0.22661E+23  0.57E+20    3416.486      20.324621  -62.8   0.65  
00171  2004-04-02T11:44:48.100  134178352.285657  3416.353   25.77   56.99    86170.   23.192       55.036    0.739       56.117    0.767       57.197    0.795  173.390   0.976  176.794   0.976  180.197   0.976  0.22984E+23  0.57E+20    3416.354      20.103009  -62.8   0.65  
00172  2004-04-02T11:44:48.300  134178352.485657  3416.235   25.77   56.99    85738.   23.076       55.758    0.741       56.839    0.769       57.919    0.796  173.344   0.963  176.703   0.963  180.062   0.963  0.23292E+23  0.57E+20    3416.237      21.068032  -62.8   0.65  
00173  2004-04-02T11:44:48.500  134178352.685657  3416.110   25.76   56.99    85271.   22.950       56.534    0.743       57.615    0.771       58.695    0.798  172.970   0.948  176.275   0.948  179.581   0.948  0.23667E+23  0.57E+20    3416.111      21.338980  -62.8   0.65  
00174  2004-04-02T11:44:48.699  134178352.885657  3415.981   25.76   56.99    84799.   22.823       57.347    0.745       58.428    0.773       59.508    0.800  173.015   0.935  176.274   0.935  179.533   0.935  0.24001E+23  0.57E+20    3415.982      21.334013  -62.8   0.65  
00175  2004-04-02T11:44:48.900  134178353.085657  3415.853   25.75   56.98    84321.   22.694       58.165    0.747       59.245    0.775       60.326    0.802  173.269   0.923  176.488   0.923  179.706   0.923  0.24308E+23  0.57E+20    3415.854      21.429321  -62.8   0.65  
00176  2004-04-02T11:44:49.100  134178353.285657  3415.726   25.75   56.98    83856.   22.569       58.987    0.749       60.067    0.776       61.147    0.804  173.533   0.911  176.711   0.911  179.890   0.911  0.24614E+23  0.57E+20    3415.728      21.610523  -62.8   0.65  
00177  2004-04-02T11:44:49.300  134178353.485657  3415.607   25.75   56.98    83420.   22.452       59.767    0.751       60.847    0.778       61.927    0.806  173.442   0.899  176.577   0.899  179.712   0.899  0.24952E+23  0.57E+20    3415.609      22.449482  -62.8   0.65  
00178  2004-04-02T11:44:49.500  134178353.685657  3415.478   25.74   56.98    82939.   22.322       60.625    0.753       61.705    0.780       62.785    0.808  173.341   0.886  176.430   0.886  179.519   0.886  0.25325E+23  0.57E+20    3415.480      22.455063  -62.8   0.65  
00179  2004-04-02T11:44:49.699  134178353.885657  3415.350   25.74   56.98    82470.   22.196       61.487    0.755       62.568    0.782       63.648    0.810  173.615   0.875  176.666   0.875  179.716   0.875  0.25645E+23  0.57E+20    3415.351      22.462866  -62.8   0.65  
00180  2004-04-02T11:44:49.900  134178354.085657  3415.224   25.73   56.98    81999.   22.069       62.348    0.756       63.428    0.784       64.508    0.812  173.901   0.864  176.914   0.864  179.927   0.864  0.25961E+23  0.57E+20    3415.226      22.752255  -62.8   0.65  
00181  2004-04-02T11:44:50.100  134178354.285657  3415.099   25.73   56.98    81541.   21.946       63.212    0.758       64.292    0.786       65.372    0.814  174.068   0.853  177.043   0.853  180.018   0.853  0.26296E+23  0.57E+20    3415.101      23.044124  -62.8   0.65  
00182  2004-04-02T11:44:50.300  134178354.485657  3414.977   25.73   56.97    81094.   21.826       64.066    0.760       65.147    0.788       66.227    0.815  174.080   0.842  177.015   0.842  179.951   0.842  0.26649E+23  0.57E+20    3414.979      23.617513  -62.8   0.65  
00183  2004-04-02T11:44:50.500  134178354.685657  3414.848   25.72   56.97    80613.   21.696       64.982    0.762       66.063    0.790       67.143    0.817  174.182   0.831  177.078   0.831  179.973   0.831  0.27015E+23  0.57E+20    3414.850      23.635825  -62.8   0.65  
00184  2004-04-02T11:44:50.699  134178354.885657  3414.725   25.72   56.97    80162.   21.575       65.867    0.764       66.948    0.792       68.028    0.819  174.335   0.820  177.194   0.820  180.053   0.820  0.27358E+23  0.57E+20    3414.727      24.075019  -62.8   0.65  
00185  2004-04-02T11:44:50.900  134178355.085657  3414.598   25.71   56.97    79687.   21.447       66.793    0.766       67.873    0.794       68.954    0.821  174.463   0.809  177.285   0.809  180.107   0.809  0.27723E+23  0.57E+20    3414.600      24.265803  -62.8   0.65  
00186  2004-04-02T11:44:51.100  134178355.285657  3414.473   25.71   56.97    79229.   21.324       67.716    0.768       68.796    0.795       69.877    0.823  174.642   0.799  177.428   0.799  180.215   0.799  0.28077E+23  0.57E+20    3414.475      24.543026  -62.8   0.65  
00187  2004-04-02T11:44:51.300  134178355.485657  3414.348   25.71   56.97    78771.   21.201       68.651    0.770       69.731    0.797       70.812    0.825  174.801   0.789  177.552   0.789  180.303   0.789  0.28439E+23  0.57E+20    3414.350      24.850728  -62.8   0.65  
00188  2004-04-02T11:44:51.500  134178355.685657  3414.228   25.70   56.97    78322.   21.080       69.560    0.772       70.641    0.799       71.721    0.827  174.752   0.778  177.466   0.778  180.181   0.778  0.28823E+23  0.57E+20    3414.230      25.579530  -62.8   0.65  
00189  2004-04-02T11:44:51.699  134178355.885657  3414.093   25.70   56.96    77827.   20.947       70.597    0.774       71.678    0.801       72.758    0.829  175.029   0.768  177.708   0.768  180.386   0.768  0.29207E+23  0.57E+20    3414.095      25.055313  -62.8   0.65  
00190  2004-04-02T11:44:51.900  134178356.085657  3413.982   25.69   56.96    77411.   20.835       71.461    0.775       72.541    0.803       73.622    0.830  175.020   0.759  177.666   0.759  180.312   0.759  0.29566E+23  0.57E+20    3413.984      26.570914  -62.8   0.65  
00191  2004-04-02T11:44:52.100  134178356.285657  3413.843   25.69   56.96    76902.   20.698       72.557    0.777       73.637    0.805       74.718    0.833  175.122   0.748  177.730   0.748  180.337   0.748  0.30002E+23  0.57E+20    3413.845      25.688956  -62.8   0.65  
00192  2004-04-02T11:44:52.300  134178356.485657  3413.722   25.69   56.96    76458.   20.578       73.523    0.779       74.604    0.807       75.684    0.834  175.606   0.740  178.186   0.740  180.766   0.740  0.30318E+23  0.57E+20    3413.723      26.288877  -62.8   0.65  
00193  2004-04-02T11:44:52.500  134178356.685657  3413.595   25.68   56.96    75983.   20.450       74.550    0.781       75.630    0.809       76.710    0.836  175.830   0.731  178.378   0.731  180.926   0.731  0.30701E+23  0.57E+20    3413.597      26.472808  -62.8   0.65  
00194  2004-04-02T11:44:52.699  134178356.885657  3413.477   25.68   56.96    75551.   20.334       75.515    0.783       76.595    0.811       77.676    0.838  175.850   0.722  178.365   0.722  180.881   0.722  0.31096E+23  0.57E+20    3413.479      27.357239  -62.8   0.65  
00195  2004-04-02T11:44:52.900  134178357.085657  3413.348   25.67   56.96    75068.   20.204       76.585    0.785       77.665    0.812       78.746    0.840  175.900   0.712  178.381   0.712  180.863   0.712  0.31527E+23  0.57E+20    3413.350      27.323084  -62.8   0.65  
00196  2004-04-02T11:44:53.100  134178357.285657  3413.218   25.67   56.95    74592.   20.076       77.677    0.787       78.757    0.814       79.837    0.842  176.366   0.704  178.819   0.704  181.272   0.704  0.31892E+23  0.57E+20    3413.220      27.179687  -62.8   0.65  
00197  2004-04-02T11:44:53.300  134178357.485657  3413.096   25.67   56.95    74144.   19.955       78.713    0.789       79.794    0.816       80.874    0.844  176.708   0.696  179.133   0.696  181.558   0.696  0.32255E+23  0.57E+20    3413.098      27.792992  -62.8   0.65  
00198  2004-04-02T11:44:53.500  134178357.685657  3412.982   25.66   56.95    73717.   19.840       79.694    0.790       80.774    0.818       81.855    0.846  176.498   0.686  178.890   0.686  181.283   0.686  0.32696E+23  0.57E+20    3412.984      28.967746  -62.8   0.65  
00199  2004-04-02T11:44:53.699  134178357.885657  3412.846   25.66   56.95    73218.   19.706       80.880    0.792       81.961    0.820       83.041    0.848  176.624   0.677  178.983   0.677  181.343   0.677  0.33159E+23  0.57E+20    3412.848      28.329214  -62.8   0.65  
00200  2004-04-02T11:44:53.900  134178358.085657  3412.721   25.65   56.95    72750.   19.580       81.985    0.794       83.065    0.822       84.145    0.850  177.138   0.670  179.472   0.670  181.806   0.670  0.33514E+23  0.57E+20    3412.723      28.685131  -62.8   0.65  
00201  2004-04-02T11:44:54.100  134178358.285657  3412.610   25.65   56.95    72343.   19.471       82.977    0.796       84.057    0.824       85.137    0.851  176.966   0.661  179.270   0.661  181.574   0.661  0.33953E+23  0.57E+20    3412.612      30.133592  -62.8   0.65  
00202  2004-04-02T11:44:54.300  134178358.485657  3412.474   25.65   56.94    71844.   19.336       84.209    0.798       85.290    0.826       86.370    0.853  177.002   0.651  179.273   0.651  181.543   0.651  0.34450E+23  0.57E+20    3412.476      29.502685  -62.8   0.65  
00203  2004-04-02T11:44:54.500  134178358.685657  3412.358   25.64   56.94    71410.   19.219       85.274    0.800       86.355    0.827       87.435    0.855  177.185   0.644  179.430   0.644  181.675   0.644  0.34850E+23  0.57E+20    3412.360      30.551225  -62.8   0.65  
00204  2004-04-02T11:44:54.699  134178358.885657  3412.224   25.64   56.94    70918.   19.087       86.520    0.802       87.601    0.830       88.681    0.857  177.408   0.636  179.623   0.636  181.838   0.636  0.35314E+23  0.57E+20    3412.226      30.065317  -62.8   0.65  
00205  2004-04-02T11:44:54.900  134178359.085657  3412.100   25.63   56.94    70454.   18.962       87.687    0.804       88.768    0.831       89.848    0.859  177.883   0.629  180.075   0.629  182.266   0.629  0.35695E+23  0.57E+20    3412.102      30.476284  -62.8   0.65  
00206  2004-04-02T11:44:55.100  134178359.285657  3411.975   25.63   56.94    69995.   18.839       88.877    0.806       89.957    0.833       91.038    0.861  178.179   0.621  180.344   0.621  182.510   0.621  0.36119E+23  0.57E+20    3411.977      30.778155  -62.8   0.65  
00207  2004-04-02T11:44:55.300  134178359.485657  3411.846   25.63   56.94    69521.   18.711       90.119    0.808       91.199    0.835       92.280    0.863  178.626   0.614  180.768   0.614  182.909   0.614  0.36532E+23  0.57E+20    3411.848      30.719080  -62.8   0.65  
00208  2004-04-02T11:44:55.500  134178359.685657  3411.722   25.62   56.94    69057.   18.586       91.327    0.810       92.407    0.837       93.487    0.865  179.089   0.608  181.207   0.608  183.326   0.608  0.36926E+23  0.57E+20    3411.724      31.082136  -62.8   0.65  
00209  2004-04-02T11:44:55.699  134178359.885657  3411.608   25.62   56.93    68639.   18.474       92.449    0.811       93.530    0.839       94.610    0.866  179.112   0.601  181.205   0.601  183.298   0.601  0.37375E+23  0.57E+20    3411.610      32.286842  -62.8   0.65  
00210  2004-04-02T11:44:55.900  134178360.085657  3411.470   25.61   56.93    68123.   18.335       93.826    0.813       94.906    0.841       95.987    0.869  179.453   0.593  181.519   0.593  183.585   0.593  0.37860E+23  0.57E+20    3411.473      31.522202  -62.8   0.65  
00211  2004-04-02T11:44:56.100  134178360.285657  3411.355   25.61   56.93    67701.   18.221       94.986    0.815       96.067    0.843       97.147    0.870  179.813   0.587  181.858   0.587  183.903   0.587  0.38251E+23  0.57E+20    3411.357      32.606621  -62.8   0.65  
00212  2004-04-02T11:44:56.300  134178360.485657  3411.231   25.61   56.93    67245.   18.099       96.252    0.817       97.333    0.845       98.413    0.872  179.867   0.579  181.886   0.579  183.905   0.579  0.38750E+23  0.57E+20    3411.233      32.980166  -62.8   0.65  
00213  2004-04-02T11:44:56.500  134178360.685657  3411.109   25.60   56.93    66788.   17.976       97.514    0.819       98.594    0.846       99.675    0.874  179.995   0.572  181.989   0.572  183.983   0.572  0.39229E+23  0.57E+20    3411.111      33.496352  -62.8   0.65  
00214  2004-04-02T11:44:56.699  134178360.885657  3410.981   25.60   56.93    66318.   17.849       98.854    0.821       99.934    0.848      101.015    0.876  180.246   0.565  182.216   0.565  184.186   0.565  0.39713E+23  0.57E+20    3410.984      33.595469  -62.8   0.65  
00215  2004-04-02T11:44:56.900  134178361.085657  3410.859   25.59   56.93    65861.   17.726      100.147    0.823      101.227    0.850      102.307    0.878  180.500   0.559  182.447   0.559  184.395   0.559  0.40176E+23  0.57E+20    3410.862      34.102869  -62.8   0.65  
00216  2004-04-02T11:44:57.100  134178361.285657  3410.735   25.59   56.92    65406.   17.604      101.476    0.824      102.556    0.852      103.637    0.880  180.695   0.552  182.619   0.552  184.543   0.552  0.40665E+23  0.57E+20    3410.738      34.501176  -62.8   0.65  
00217  2004-04-02T11:44:57.300  134178361.485657  3410.615   25.59   56.92    64965.   17.485      102.779    0.826      103.859    0.854      104.939    0.882  180.797   0.545  182.698   0.545  184.598   0.545  0.41164E+23  0.57E+20    3410.618      35.167821  -62.8   0.65  
00218  2004-04-02T11:44:57.500  134178361.685657  3410.490   25.58   56.92    64497.   17.359      104.152    0.828      105.233    0.856      106.313    0.883  180.926   0.539  182.803   0.539  184.680   0.539  0.41684E+23  0.57E+20    3410.492      35.417521  -62.8   0.65  
00219  2004-04-02T11:44:57.699  134178361.885657  3410.366   25.58   56.92    64041.   17.236      105.532    0.830      106.612    0.858      107.693    0.885  181.153   0.532  183.008   0.532  184.862   0.532  0.42184E+23  0.57E+20    3410.369      35.809752  -62.8   0.65  
00220  2004-04-02T11:44:57.900  134178362.085657  3410.241   25.57   56.92    63573.   17.110      106.939    0.832      108.020    0.860      109.100    0.887  181.397   0.526  183.230   0.526  185.062   0.526  0.42689E+23  0.57E+20    3410.244      36.106667  -62.9   0.65  
00221  2004-04-02T11:44:58.100  134178362.285657  3410.122   25.57   56.92    63135.   16.992      108.296    0.834      109.376    0.861      110.456    0.889  181.521   0.520  183.332   0.520  185.142   0.520  0.43201E+23  0.57E+20    3410.125      36.882236  -62.9   0.65  
00222  2004-04-02T11:44:58.300  134178362.485657  3410.000   25.57   56.91    62687.   16.872      109.703    0.836      110.784    0.863      111.864    0.891  181.547   0.513  183.335   0.513  185.123   0.513  0.43756E+23  0.57E+20    3410.003      37.422674  -62.8   0.65  
00223  2004-04-02T11:44:58.500  134178362.685657  3409.879   25.56   56.91    62234.   16.750      111.117    0.837      112.198    0.865      113.278    0.893  181.579   0.507  183.345   0.507  185.110   0.507  0.44312E+23  0.57E+20    3409.881      37.965564  -62.8   0.65  
00224  2004-04-02T11:44:58.699  134178362.885657  3409.754   25.56   56.91    61774.   16.626      112.597    0.839      113.677    0.867      114.757    0.895  181.708   0.500  183.451   0.500  185.194   0.500  0.44870E+23  0.57E+20    3409.756      38.231140  -62.8   0.65  
00225  2004-04-02T11:44:58.900  134178363.085657  3409.635   25.55   56.91    61328.   16.506      114.023    0.841      115.103    0.869      116.183    0.896  181.786   0.494  183.508   0.494  185.231   0.494  0.45419E+23  0.57E+20    3409.637      39.003643  -62.8   0.65  
00226  2004-04-02T11:44:59.100  134178363.285657  3409.520   25.55   56.91    60905.   16.392      115.418    0.843      116.499    0.871      117.579    0.898  181.607   0.488  183.307   0.488  185.007   0.488  0.46020E+23  0.57E+20    3409.523      40.171270  -62.8   0.65  
00227  2004-04-02T11:44:59.300  134178363.485657  3409.390   25.55   56.91    60427.   16.264      117.018    0.845      118.098    0.873      119.178    0.900  181.582   0.481  183.259   0.481  184.935   0.481  0.46664E+23  0.57E+20    3409.393      40.024619  -62.8   0.65  
00228  2004-04-02T11:44:59.500  134178363.685657  3409.275   25.54   56.91    59995.   16.147      118.451    0.847      119.531    0.874      120.612    0.902  181.598   0.475  183.254   0.475  184.910   0.475  0.47232E+23  0.57E+20    3409.278      41.141725  -62.8   0.65  
00229  2004-04-02T11:44:59.699  134178363.885657  3409.144   25.54   56.90    59514.   16.018      120.105    0.849      121.185    0.876      122.266    0.904  181.677   0.469  183.311   0.469  184.945   0.469  0.47870E+23  0.57E+20    3409.147      40.860088  -62.8   0.65  
00230  2004-04-02T11:44:59.900  134178364.085657  3409.026   25.53   56.90    59071.   15.899      121.614    0.850      122.694    0.878      123.774    0.906  181.855   0.464  183.471   0.464  185.086   0.464  0.48424E+23  0.57E+20    3409.029      41.744401  -62.8   0.65  
00231  2004-04-02T11:45:00.100  134178364.285657  3408.906   25.53   56.90    58630.   15.780      123.167    0.852      124.247    0.880      125.328    0.907  181.814   0.458  183.409   0.458  185.003   0.458  0.49054E+23  0.57E+20    3408.909      42.407200  -62.8   0.65  
00232  2004-04-02T11:45:00.300  134178364.485657  3408.775   25.53   56.90    58148.   15.650      124.884    0.854      125.965    0.882      127.045    0.909  182.044   0.452  183.619   0.452  185.194   0.452  0.49675E+23  0.57E+20    3408.778      42.133321  -62.8   0.65  
00233  2004-04-02T11:45:00.500  134178364.685657  3408.650   25.52   56.90    57679.   15.524      126.542    0.856      127.623    0.884      128.703    0.911  182.462   0.447  184.020   0.447  185.578   0.447  0.50219E+23  0.57E+20    3408.653      42.422774  -62.8   0.65  
00234  2004-04-02T11:45:00.699  134178364.885657  3408.524   25.52   56.90    57216.   15.399      128.233    0.858      129.313    0.886      130.393    0.913  182.857   0.442  184.398   0.442  185.938   0.442  0.50780E+23  0.57E+20    3408.527      42.574660  -62.8   0.65  
00235  2004-04-02T11:45:00.900  134178365.085657  3408.404   25.51   56.90    56765.   15.278      129.860    0.860      130.940    0.887      132.021    0.915  183.163   0.437  184.687   0.437  186.211   0.437  0.51339E+23  0.57E+20    3408.407      43.276229  -62.8   0.65  
00236  2004-04-02T11:45:01.100  134178365.285657  3408.290   25.51   56.89    56346.   15.165      131.424    0.862      132.504    0.889      133.585    0.917  183.175   0.432  184.680   0.432  186.186   0.432  0.51954E+23  0.57E+20    3408.293      44.429283  -62.8   0.65  
00237  2004-04-02T11:45:01.300  134178365.485657  3408.160   25.50   56.89    55859.   15.034      133.230    0.864      134.310    0.891      135.391    0.919  183.337   0.427  184.823   0.427  186.310   0.427  0.52621E+23  0.57E+20    3408.163      44.308662  -62.8   0.65  
00238  2004-04-02T11:45:01.500  134178365.685657  3408.037   25.50   56.89    55407.   14.912      134.959    0.865      136.040    0.893      137.120    0.921  183.679   0.422  185.149   0.422  186.620   0.422  0.53205E+23  0.57E+20    3408.041      44.751760  -62.8   0.65  
00239  2004-04-02T11:45:01.699  134178365.885657  3407.920   25.50   56.89    54976.   14.796      136.623    0.867      137.703    0.895      138.783    0.922  183.816   0.417  185.270   0.417  186.723   0.417  0.53820E+23  0.57E+20    3407.923      45.618413  -62.8   0.65  
00240  2004-04-02T11:45:01.900  134178366.085657  3407.805   25.49   56.89    54544.   14.680      138.278    0.869      139.358    0.897      140.438    0.924  183.759   0.412  185.195   0.412  186.630   0.412  0.54489E+23  0.57E+20    3407.809      46.782510  -62.8   0.65  
00241  2004-04-02T11:45:02.100  134178366.285657  3407.674   25.49   56.89    54062.   14.550      140.187    0.871      141.267    0.899      142.348    0.926  183.889   0.407  185.306   0.407  186.723   0.407  0.55202E+23  0.57E+20    3407.678      46.518008  -62.8   0.65  
00242  2004-04-02T11:45:02.300  134178366.485657  3407.547   25.48   56.88    53586.   14.422      142.060    0.873      143.141    0.901      144.221    0.928  184.339   0.402  185.741   0.402  187.143   0.402  0.55804E+23  0.57E+20    3407.550      46.550784  -62.8   0.65  
00243  2004-04-02T11:45:02.500  134178366.685657  3407.433   25.48   56.88    53166.   14.309      143.760    0.875      144.841    0.902      145.921    0.930  184.546   0.398  185.933   0.398  187.319   0.398  0.56408E+23  0.57E+20    3407.436      47.709141  -62.8   0.65  
00244  2004-04-02T11:45:02.699  134178366.885657  3407.313   25.48   56.88    52724.   14.190      145.571    0.876      146.651    0.904      147.731    0.932  184.579   0.393  185.949   0.393  187.318   0.393  0.57108E+23  0.57E+20    3407.317      48.449076  -62.8   0.65  
00245  2004-04-02T11:45:02.900  134178367.085657  3407.194   25.47   56.88    52277.   14.070      147.388    0.878      148.469    0.906      149.549    0.934  184.610   0.389  185.963   0.389  187.316   0.389  0.57812E+23  0.57E+20    3407.197      49.163745  -62.8   0.65  
00246  2004-04-02T11:45:03.100  134178367.285657  3407.070   25.47   56.88    51821.   13.947      149.306    0.880      150.386    0.908      151.466    0.935  184.735   0.384  186.072   0.384  187.408   0.384  0.58524E+23  0.57E+20    3407.074      49.516103  -62.8   0.65  
00247  2004-04-02T11:45:03.300  134178367.485657  3406.935   25.46   56.88    51315.   13.811      151.418    0.882      152.499    0.910      153.579    0.937  185.224   0.379  186.546   0.379  187.867   0.379  0.59195E+23  0.57E+20    3406.938      48.859920  -62.8   0.65  
00248  2004-04-02T11:45:03.500  134178367.685657  3406.819   25.46   56.88    50888.   13.696      153.253    0.884      154.333    0.912      155.414    0.939  185.650   0.376  186.958   0.376  188.267   0.376  0.59775E+23  0.57E+20    3406.823      49.891560  -62.8   0.65  
00249  2004-04-02T11:45:03.699  134178367.885657  3406.702   25.46   56.87    50457.   13.580      155.123    0.886      156.204    0.913      157.284    0.941  185.759   0.371  187.053   0.371  188.347   0.371  0.60469E+23  0.57E+20    3406.705      50.785751  -62.8   0.65  
00250  2004-04-02T11:45:03.900  134178368.085657  3406.577   25.45   56.87    49988.   13.454      157.145    0.888      158.226    0.915      159.306    0.943  185.967   0.367  187.246   0.367  188.524   0.367  0.61189E+23  0.57E+20    3406.581      51.064378  -62.8   0.65  
00251  2004-04-02T11:45:04.100  134178368.285657  3406.456   25.45   56.87    49542.   13.334      159.125    0.889      160.206    0.917      161.286    0.945  186.232   0.363  187.496   0.363  188.760   0.363  0.61872E+23  0.57E+20    3406.459      51.598717  -62.8   0.65  
00252  2004-04-02T11:45:04.300  134178368.485657  3406.328   25.44   56.87    49062.   13.205      161.243    0.891      162.324    0.919      163.404    0.947  186.618   0.359  187.868   0.359  189.119   0.359  0.62565E+23  0.57E+20    3406.332      51.658026  -62.8   0.65  
00253  2004-04-02T11:45:04.500  134178368.685657  3406.200   25.44   56.87    48590.   13.078      163.385    0.893      164.465    0.921      165.545    0.949  187.160   0.355  188.398   0.355  189.635   0.355  0.63213E+23  0.57E+20    3406.204      51.579318  -62.9   0.65  
00254  2004-04-02T11:45:04.699  134178368.885657  3406.089   25.44   56.87    48181.   12.968      165.260    0.895      166.341    0.923      167.421    0.950  187.441   0.352  188.666   0.352  189.892   0.352  0.63843E+23  0.57E+20    3406.093      53.049252  -62.9   0.65  
00255  2004-04-02T11:45:04.900  134178369.085657  3405.953   25.43   56.87    47671.   12.830      167.584    0.897      168.664    0.925      169.744    0.952  187.871   0.348  189.082   0.348  190.293   0.348  0.64592E+23  0.57E+20    3405.957      52.315230  -62.9   0.65  
00256  2004-04-02T11:45:05.100  134178369.285657  3405.842   25.43   56.86    47263.   12.720      169.500    0.899      170.580    0.926      171.661    0.954  188.257   0.345  189.457   0.345  190.657   0.345  0.65196E+23  0.57E+20    3405.846      53.748675  -62.9   0.65  
00257  2004-04-02T11:45:05.300  134178369.485657  3405.713   25.42   56.86    46779.   12.590      171.750    0.901      172.831    0.928      173.911    0.956  188.585   0.341  189.771   0.341  190.957   0.341  0.65947E+23  0.57E+20    3405.718      53.680512  -62.9   0.65  
00258  2004-04-02T11:45:05.500  134178369.685657  3405.597   25.42   56.86    46351.   12.475      173.796    0.903      174.876    0.930      175.957    0.958  188.922   0.337  190.097   0.337  191.271   0.337  0.66614E+23  0.57E+20    3405.601      54.599312  -62.9   0.65  
00259  2004-04-02T11:45:05.699  134178369.885657  3405.478   25.42   56.86    45913.   12.357      175.917    0.904      176.997    0.932      178.078    0.960  189.132   0.334  190.294   0.334  191.455   0.334  0.67352E+23  0.57E+20    3405.482      55.380123  -62.9   0.65  
00260  2004-04-02T11:45:05.900  134178370.085657  3405.358   25.41   56.86    45461.   12.236      178.080    0.906      179.160    0.934      180.241    0.961  189.334   0.330  190.483   0.330  191.632   0.330  0.68107E+23  0.57E+20    3405.362      56.009210  -62.9   0.65  
00261  2004-04-02T11:45:06.100  134178370.285657  3405.230   25.41   56.86    44990.   12.109      180.413    0.908      181.493    0.936      182.574    0.963  189.716   0.326  190.852   0.326  191.988   0.326  0.68860E+23  0.57E+20    3405.234      55.965903  -62.9   0.65  
00262  2004-04-02T11:45:06.300  134178370.485657  3405.115   25.40   56.85    44557.   11.992      182.531    0.910      183.612    0.938      184.692    0.965  190.026   0.323  191.151   0.323  192.275   0.323  0.69555E+23  0.57E+20    3405.119      57.036235  -62.9   0.65  
00263  2004-04-02T11:45:06.500  134178370.685657  3405.000   25.40   56.85    44133.   11.878      184.672    0.912      185.753    0.939      186.833    0.967  190.119   0.319  191.231   0.319  192.343   0.319  0.70337E+23  0.57E+20    3405.004      58.109628  -62.9   0.65  
00264  2004-04-02T11:45:06.699  134178370.885657  3404.878   25.40   56.85    43684.   11.757      186.970    0.914      188.050    0.941      189.130    0.969  190.259   0.316  191.359   0.316  192.458   0.316  0.71159E+23  0.57E+20    3404.882      58.622870  -62.9   0.65  
00265  2004-04-02T11:45:06.900  134178371.085657  3404.748   25.39   56.85    43195.   11.626      189.446    0.915      190.526    0.943      191.607    0.971  190.656   0.312  191.743   0.312  192.831   0.312  0.71952E+23  0.57E+20    3404.753      58.435216  -62.9   0.65  
00266  2004-04-02T11:45:07.100  134178371.285657  3404.630   25.39   56.85    42760.   11.509      191.718    0.917      192.798    0.945      193.878    0.973  191.042   0.309  192.118   0.309  193.195   0.309  0.72668E+23  0.57E+20    3404.635      59.235455  -62.9   0.65  
00267  2004-04-02T11:45:07.300  134178371.485657  3404.502   25.38   56.85    42279.   11.379      194.207    0.919      195.288    0.947      196.368    0.974  191.471   0.306  192.536   0.306  193.601   0.306  0.73446E+23  0.57E+20    3404.506      59.193739  -62.9   0.65  
00268  2004-04-02T11:45:07.500  134178371.685657  3404.389   25.38   56.85    41863.   11.267      196.428    0.921      197.508    0.949      198.589    0.976  191.788   0.303  192.843   0.303  193.898   0.303  0.74163E+23  0.57E+20    3404.393      60.421536  -62.9   0.65  
00269  2004-04-02T11:45:07.699  134178371.885657  3404.261   25.38   56.84    41391.   11.140      198.970    0.923      200.050    0.951      201.131    0.978  192.138   0.300  193.181   0.300  194.224   0.300  0.74986E+23  0.57E+20    3404.265      60.385290  -62.9   0.65  
00270  2004-04-02T11:45:07.900  134178372.085657  3404.147   25.37   56.84    40962.   11.025      201.258    0.925      202.338    0.952      203.418    0.980  192.454   0.297  193.487   0.297  194.520   0.297  0.75724E+23  0.57E+20    3404.151      61.520124  -62.9   0.65  
00271  2004-04-02T11:45:08.100  134178372.285657  3404.013   25.37   56.84    40467.   10.892      203.975    0.927      205.055    0.954      206.136    0.982  192.938   0.294  193.960   0.294  194.981   0.294  0.76554E+23  0.57E+20    3404.018      61.024327  -62.9   0.65  
00272  2004-04-02T11:45:08.300  134178372.485657  3403.909   25.36   56.84    40075.   10.786      206.105    0.928      207.185    0.956      208.266    0.984  193.192   0.291  194.204   0.291  195.217   0.291  0.77251E+23  0.57E+20    3403.914      62.967510  -62.9   0.65  
00273  2004-04-02T11:45:08.500  134178372.685657  3403.786   25.36   56.84    39621.   10.664      208.651    0.930      209.731    0.958      210.811    0.985  193.316   0.288  194.317   0.288  195.318   0.288  0.78155E+23  0.57E+20    3403.791      63.364274  -62.9   0.65  
00274  2004-04-02T11:45:08.699  134178372.885657  3403.648   25.36   56.84    39112.   10.527      211.539    0.932      212.619    0.960      213.700    0.987  193.936   0.285  194.927   0.285  195.917   0.285  0.78984E+23  0.57E+20    3403.653      62.495933  -62.9   0.65  
00275  2004-04-02T11:45:08.900  134178373.085657  3403.548   25.35   56.84    38734.   10.425      213.652    0.934      214.733    0.961      215.813    0.989  194.208   0.282  195.190   0.282  196.172   0.282  0.79661E+23  0.57E+20    3403.553      64.785906  -62.9   0.65  
00276  2004-04-02T11:45:09.100  134178373.285657  3403.421   25.35   56.83    38266.   10.299      216.364    0.936      217.444    0.963      218.524    0.991  194.369   0.279  195.340   0.279  196.310   0.279  0.80605E+23  0.57E+20    3403.426      64.852530  -62.9   0.65  
00277  2004-04-02T11:45:09.300  134178373.485657  3403.298   25.34   56.83    37803.   10.174      219.019    0.938      220.099    0.965      221.179    0.993  194.779   0.276  195.739   0.276  196.700   0.276  0.81423E+23  0.57E+20    3403.303      65.260304  -62.9   0.65  
00278  2004-04-02T11:45:09.500  134178373.685657  3403.177   25.34   56.83    37357.   10.054      221.657    0.939      222.737    0.967      223.818    0.995  195.162   0.273  196.113   0.273  197.064   0.273  0.82242E+23  0.57E+20    3403.182      65.811501  -62.9   0.65  
00279  2004-04-02T11:45:09.699  134178373.885657  3403.065   25.34   56.83    36943.    9.943      224.124    0.941      225.204    0.969      226.284    0.996  195.375   0.271  196.317   0.271  197.259   0.271  0.83066E+23  0.57E+20    3403.070      67.070163  -62.9   0.65  
00280  2004-04-02T11:45:09.900  134178374.085657  3402.936   25.33   56.83    36458.    9.813      226.995    0.943      228.076    0.971      229.156    0.998  195.718   0.268  196.650   0.268  197.581   0.268  0.83983E+23  0.57E+20    3402.941      66.936270  -62.9   0.65  
00281  2004-04-02T11:45:10.100  134178374.285657  3402.817   25.33   56.83    36019.    9.694      229.672    0.945      230.752    0.973      231.832    1.000  196.144   0.265  197.067   0.265  197.990   0.265  0.84789E+23  0.57E+20    3402.822      67.622472  -62.9   0.65  
00282  2004-04-02T11:45:10.300  134178374.485657  3402.699   25.32   56.82    35575.    9.575      232.352    0.947      233.432    0.974      234.512    1.002  196.464   0.262  197.378   0.262  198.291   0.262  0.85638E+23  0.57E+20    3402.704      68.466656  -62.9   0.65  
00283  2004-04-02T11:45:10.500  134178374.685657  3402.582   25.32   56.82    35143.    9.459      235.036    0.949      236.116    0.976      237.197    1.004  196.710   0.260  197.614   0.260  198.518   0.260  0.86520E+23  0.57E+20    3402.587      69.313592  -62.9   0.65  
00284  2004-04-02T11:45:10.699  134178374.885657  3402.456   25.32   56.82    34678.    9.333      237.957    0.950      239.038    0.978      240.118    1.006  197.084   0.257  197.979   0.257  198.873   0.257  0.87429E+23  0.57E+20    3402.461      69.458379  -62.9   0.65  
00285  2004-04-02T11:45:10.900  134178375.085657  3402.342   25.31   56.82    34248.    9.218      240.627    0.952      241.708    0.980      242.788    1.007  197.396   0.255  198.282   0.255  199.168   0.255  0.88270E+23  0.57E+20    3402.347      70.578699  -62.9   0.65  
00286  2004-04-02T11:45:11.100  134178375.285657  3402.213   25.31   56.82    33772.    9.089      243.679    0.954      244.760    0.982      245.840    1.009  197.805   0.252  198.682   0.252  199.559   0.252  0.89205E+23  0.57E+20    3402.219      70.460649  -62.9   0.65  
00287  2004-04-02T11:45:11.300  134178375.485657  3402.096   25.30   56.82    33331.    8.971      246.475    0.956      247.555    0.984      248.636    1.011  198.230   0.250  199.099   0.250  199.968   0.250  0.90034E+23  0.57E+20    3402.102      71.318767  -62.9   0.65  
00288  2004-04-02T11:45:11.500  134178375.685657  3401.984   25.30   56.82    32917.    8.859      249.177    0.958      250.257    0.985      251.338    1.013  198.448   0.247  199.308   0.247  200.169   0.247  0.90922E+23  0.57E+20    3401.990      72.602765  -62.9   0.65  
00289  2004-04-02T11:45:11.699  134178375.885657  3401.854   25.29   56.81    32429.    8.728      252.346    0.960      253.426    0.987      254.507    1.015  198.830   0.245  199.681   0.245  200.533   0.245  0.91901E+23  0.57E+20    3401.859      72.337762  -63.0   0.65  
00290  2004-04-02T11:45:11.900  134178376.085657  3401.739   25.29   56.81    32004.    8.614      255.177    0.961      256.258    0.989      257.338    1.017  199.241   0.242  200.085   0.242  200.928   0.242  0.92741E+23  0.57E+20    3401.745      73.443786  -63.0   0.65  
00291  2004-04-02T11:45:12.100  134178376.285657  3401.624   25.29   56.81    31579.    8.499      258.036    0.963      259.116    0.991      260.197    1.018  199.466   0.240  200.301   0.240  201.136   0.240  0.93674E+23  0.57E+20    3401.630      74.496497  -63.0   0.65  
00292  2004-04-02T11:45:12.300  134178376.485657  3401.504   25.28   56.81    31127.    8.378      261.050    0.965      262.130    0.993      263.211    1.020  199.717   0.238  200.544   0.238  201.370   0.238  0.94649E+23  0.57E+20    3401.510      75.086203  -63.0   0.65  
00293  2004-04-02T11:45:12.500  134178376.685657  3401.384   25.28   56.81    30684.    8.258      264.095    0.967      265.175    0.994      266.255    1.022  200.035   0.235  200.853   0.235  201.671   0.235  0.95601E+23  0.57E+20    3401.390      75.678534  -63.0   0.65  
00294  2004-04-02T11:45:12.699  134178376.885657  3401.269   25.27   56.81    30250.    8.142      267.042    0.969      268.122    0.996      269.203    1.024  200.294   0.233  201.104   0.233  201.914   0.233  0.96542E+23  0.57E+20    3401.275      76.697308  -63.0   0.65  
00295  2004-04-02T11:45:12.900  134178377.085657  3401.150   25.27   56.81    29810.    8.023      270.123    0.970      271.203    0.998      272.283    1.026  200.542   0.230  201.344   0.230  202.146   0.230  0.97536E+23  0.57E+20    3401.156      77.450478  -63.0   0.65  
00296  2004-04-02T11:45:13.100  134178377.285657  3401.039   25.27   56.80    29401.    7.913      273.026    0.972      274.106    1.000      275.186    1.027  200.686   0.228  201.480   0.228  202.274   0.228  0.98513E+23  0.57E+20    3401.045      78.742985  -63.0   0.65  
00297  2004-04-02T11:45:13.300  134178377.485657  3400.907   25.26   56.80    28904.    7.779      276.514    0.974      277.595    1.002      278.675    1.029  201.047   0.226  201.833   0.226  202.618   0.226  0.99592E+23  0.57E+20    3400.913      78.357995  -63.0   0.65  
00298  2004-04-02T11:45:13.500  134178377.685657  3400.790   25.26   56.80    28471.    7.663      279.638    0.976      280.718    1.003      281.798    1.031  201.476   0.224  202.254   0.224  203.033   0.224  0.10050E+24  0.57E+20    3400.796      79.246553  -63.1   0.65  
00299  2004-04-02T11:45:13.699  134178377.885657  3400.682   25.25   56.80    28063.    7.553      282.548    0.977      283.629    1.005      284.709    1.033  201.637   0.222  202.408   0.222  203.179   0.222  0.10147E+24  0.57E+20    3400.688      80.844207  -63.1   0.65  
00300  2004-04-02T11:45:13.900  134178378.085657  3400.556   25.25   56.80    27598.    7.428      285.979    0.979      287.059    1.007      288.139    1.035  201.887   0.219  202.650   0.219  203.413   0.219  0.10257E+24  0.57E+20    3400.562      80.933358  -63.1   0.65  
00301  2004-04-02T11:45:14.100  134178378.285657  3400.445   25.25   56.80    27187.    7.317      289.032    0.981      290.112    1.009      291.193    1.036  202.140   0.217  202.895   0.217  203.651   0.217  0.10354E+24  0.57E+20    3400.452      82.352962  -63.1   0.65  
00302  2004-04-02T11:45:14.300  134178378.485657  3400.317   25.24   56.79    26706.    7.188      292.588    0.983      293.668    1.011      294.749    1.038  202.455   0.215  203.203   0.215  203.950   0.215  0.10465E+24  0.57E+20    3400.324      82.263716  -63.1   0.65  
00303  2004-04-02T11:45:14.500  134178378.685657  3400.202   25.24   56.79    26281.    7.073      295.815    0.985      296.896    1.012      297.976    1.040  202.812   0.213  203.553   0.213  204.293   0.213  0.10562E+24  0.57E+20    3400.209      83.307586  -63.1   0.65  
00304  2004-04-02T11:45:14.699  134178378.885657  3400.093   25.23   56.79    25869.    6.962      298.904    0.986      299.984    1.014      301.064    1.042  202.953   0.211  203.686   0.211  204.420   0.211  0.10665E+24  0.57E+20    3400.099      84.778309  -63.1   0.65  
00305  2004-04-02T11:45:14.900  134178379.085657  3399.962   25.23   56.79    25384.    6.832      302.654    0.988      303.734    1.016      304.814    1.044  203.291   0.209  204.017   0.209  204.742   0.209  0.10780E+24  0.57E+20    3399.968      84.442617  -63.0   0.65  
00306  2004-04-02T11:45:15.100  134178379.285657  3399.858   25.23   56.79    25000.    6.729      305.660    0.990      306.740    1.018      307.821    1.045  203.532   0.207  204.251   0.207  204.971   0.207  0.10875E+24  0.57E+20    3399.865      86.456180  -63.0   0.65  
00307  2004-04-02T11:45:15.300  134178379.485657  3399.749   25.22   56.79    24588.    6.618      308.841    0.992      309.922    1.019      311.002    1.047  203.514   0.205  204.226   0.205  204.938   0.205  0.10989E+24  0.57E+20    3399.756      87.935644  -63.0   0.65  
00308  2004-04-02T11:45:15.500  134178379.685657  3399.646   25.22   56.79    24207.    6.515      311.879    0.993      312.960    1.021      314.040    1.049  203.405   0.203  204.109   0.203  204.814   0.203  0.11103E+24  0.57E+20    3399.653      89.983535  -63.0   0.65  
00309  2004-04-02T11:45:15.699  134178379.885657  3399.513   25.21   56.78    23707.    6.380      315.847    0.995      316.927    1.023      318.007    1.051  203.509   0.200  204.205   0.200  204.901   0.200  0.11238E+24  0.57E+20    3399.520      89.489160  -63.0   0.65  
00310  2004-04-02T11:45:15.900  134178380.085657  3399.396   25.21   56.78    23274.    6.264      319.375    0.997      320.456    1.025      321.536    1.052  203.810   0.198  204.500   0.198  205.189   0.198  0.11347E+24  0.57E+20    3399.403      90.312459  -63.0   0.65  
00311  2004-04-02T11:45:16.100  134178380.285657  3399.269   25.21   56.78    22804.    6.138      323.244    0.999      324.324    1.027      325.404    1.054  204.174   0.196  204.857   0.196  205.539   0.196  0.11464E+24  0.57E+20    3399.276      90.346662  -63.0   0.65  
00312  2004-04-02T11:45:16.300  134178380.485657  3399.172   25.20   56.78    22437.    6.039      326.227    1.001      327.307    1.028      328.388    1.056  204.276   0.194  204.952   0.194  205.629   0.194  0.11564E+24  0.57E+20    3399.179      92.830619  -63.0   0.65  
00313  2004-04-02T11:45:16.500  134178380.685657  3399.041   25.20   56.78    21952.    5.908      330.297    1.003      331.377    1.030      332.458    1.058  204.447   0.192  205.115   0.192  205.784   0.192  0.11699E+24  0.57E+20    3399.048      92.488225  -62.9   0.65  
00314  2004-04-02T11:45:16.699  134178380.885657  3398.941   25.19   56.78    21573.    5.806      333.436    1.004      334.516    1.032      335.596    1.059  204.585   0.191  205.248   0.191  205.911   0.191  0.11802E+24  0.57E+20    3398.949      94.836728  -62.9   0.65  
00315  2004-04-02T11:45:16.900  134178381.085657  3398.803   25.19   56.78    21063.    5.669      337.812    1.006      338.893    1.034      339.973    1.061  204.853   0.188  205.508   0.188  206.163   0.188  0.11941E+24  0.57E+20    3398.811      93.905530  -62.9   0.65  
00316  2004-04-02T11:45:17.100  134178381.285657  3398.710   25.19   56.77    20719.    5.576      340.791    1.008      341.872    1.035      342.952    1.063  204.988   0.187  205.638   0.187  206.288   0.187  0.12038E+24  0.57E+20    3398.717      96.712950  -62.9   0.65  
00317  2004-04-02T11:45:17.300  134178381.485657  3398.587   25.18   56.77    20255.    5.451      344.770    1.009      345.851    1.037      346.931    1.065  205.030   0.185  205.672   0.185  206.315   0.185  0.12176E+24  0.57E+20    3398.595      97.089154  -62.9   0.65  
00318  2004-04-02T11:45:17.500  134178381.685657  3398.485   25.18   56.77    19877.    5.350      348.105    1.011      349.185    1.039      350.266    1.066  205.061   0.183  205.698   0.183  206.334   0.183  0.12292E+24  0.57E+20    3398.492      99.166523  -62.9   0.65  
00319  2004-04-02T11:45:17.699  134178381.885657  3398.372   25.17   56.77    19450.    5.235      351.837    1.013      352.917    1.040      353.998    1.068  205.006   0.181  205.635   0.181  206.265   0.181  0.12427E+24  0.57E+20    3398.380     100.397840  -62.9   0.65  
00320  2004-04-02T11:45:17.900  134178382.085657  3398.239   25.17   56.77    18958.    5.102      356.280    1.015      357.360    1.042      358.440    1.070  205.231   0.179  205.854   0.179  206.476   0.179  0.12571E+24  0.57E+20    3398.246      99.819496  -62.8   0.65  
00321  2004-04-02T11:45:18.100  134178382.285657  3398.136   25.17   56.77    18577.    5.000      359.755    1.016      360.836    1.044      361.916    1.072  205.419   0.177  206.036   0.177  206.653   0.177  0.12682E+24  0.57E+20    3398.144     101.877511  -62.8   0.65  
00322  2004-04-02T11:45:18.300  134178382.485657  3397.994   25.16   56.76    18043.    4.856      364.596    1.019      365.677    1.046      366.757    1.074  205.794   0.175  206.403   0.175  207.013   0.175  0.12829E+24  0.57E+20    3398.002     100.568141  -62.8   0.65  
00323  2004-04-02T11:45:18.500  134178382.685657  3397.902   25.16   56.76    17702.    4.764      367.763    1.020      368.844    1.048      369.924    1.075  205.999   0.174  206.605   0.174  207.210   0.174  0.12927E+24  0.57E+20    3397.910     103.510231  -62.8   0.65  
00324  2004-04-02T11:45:18.699  134178382.885657  3397.766   25.15   56.76    17190.    4.626      372.490    1.022      373.571    1.050      374.651    1.077  206.251   0.172  206.849   0.172  207.447   0.172  0.13078E+24  0.57E+20    3397.774     102.772520  -62.7   0.65  
00325  2004-04-02T11:45:18.900  134178383.085657  3397.642   25.15   56.76    16731.    4.503      376.845    1.024      377.926    1.052      379.006    1.079  206.774   0.170  207.367   0.170  207.960   0.170  0.13197E+24  0.57E+20    3397.650     102.972383  -62.7   0.65  
00326  2004-04-02T11:45:19.100  134178383.285657  3397.534   25.15   56.76    16331.    4.395      380.672    1.026      381.753    1.053      382.833    1.081  207.094   0.169  207.682   0.169  208.270   0.169  0.13310E+24  0.57E+20    3397.542     104.563251  -62.7   0.65  
00327  2004-04-02T11:45:19.300  134178383.485657  3397.383   25.14   56.76    15763.    4.242      386.075    1.028      387.155    1.056      388.235    1.083  207.824   0.167  208.406   0.167  208.987   0.167  0.13452E+24  0.57E+20    3397.392     102.558115  -62.7   0.65  
00328  2004-04-02T11:45:19.500  134178383.685657  3397.286   25.14   56.76    15403.    4.146      389.576    1.029      390.656    1.057      391.736    1.085  208.295   0.166  208.873   0.166  209.451   0.166  0.13543E+24  0.57E+20    3397.295     105.089864  -62.7   0.65  
00329  2004-04-02T11:45:19.699  134178383.885657  3397.205   25.13   56.75    15095.    4.063      392.521    1.031      393.601    1.058      394.682    1.086  208.159   0.165  208.732   0.165  209.305   0.165  0.13654E+24  0.57E+20    3397.213     108.900337  -62.7   0.65  
00330  2004-04-02T11:45:19.900  134178384.085657  3397.046   25.13   56.75    14506.    3.904      398.365    1.033      399.446    1.061      400.526    1.088  208.526   0.163  209.091   0.163  209.657   0.163  0.13833E+24  0.57E+20    3397.055     106.208294  -62.7   0.65  
00331  2004-04-02T11:45:20.100  134178384.285657  3396.966   25.12   56.75    14201.    3.822      401.334    1.034      402.415    1.062      403.495    1.090  208.751   0.162  209.313   0.162  209.875   0.162  0.13921E+24  0.57E+20    3396.975     110.152543  -62.7   0.65  
00332  2004-04-02T11:45:20.300  134178384.485657  3396.816   25.12   56.75    13645.    3.673      406.954    1.037      408.034    1.064      409.114    1.092  209.126   0.160  209.681   0.160  210.236   0.160  0.14091E+24  0.57E+20    3396.824     108.159978  -62.7   0.65  
00333  2004-04-02T11:45:20.500  134178384.685657  3396.741   25.12   56.75    13367.    3.598      409.790    1.038      410.870    1.065      411.950    1.093  209.263   0.159  209.815   0.159  210.367   0.159  0.14180E+24  0.57E+20    3396.750     112.550226  -62.8   0.65  
00334  2004-04-02T11:45:20.699  134178384.885657  3396.599   25.11   56.75    12833.    3.454      415.209    1.040      416.289    1.068      417.370    1.095  209.441   0.157  209.986   0.157  210.531   0.157  0.14355E+24  0.57E+20    3396.608     111.271636  -62.8   0.65  
00335  2004-04-02T11:45:20.900  134178385.085657  3396.509   25.11   56.74    12499.    3.364      418.679    1.041      419.759    1.069      420.839    1.097  209.608   0.156  210.148   0.156  210.689   0.156  0.14464E+24  0.57E+20    3396.517     114.321181  -63.0   0.65  
00336  2004-04-02T11:45:21.100  134178385.285657  3396.359   25.10   56.74    11935.    3.212      424.517    1.044      425.598    1.071      426.678    1.099  210.035   0.154  210.570   0.154  211.104   0.154  0.14636E+24  0.57E+20    3396.368     112.409612  -63.0   0.65  
00337  2004-04-02T11:45:21.300  134178385.485657  3396.270   25.10   56.74    11605.    3.123      428.015    1.045      429.095    1.073      430.175    1.100  210.301   0.153  210.832   0.153  211.363   0.153  0.14737E+24  0.57E+20    3396.279     115.536012  -63.2   0.65  
00338  2004-04-02T11:45:21.500  134178385.685657  3396.183   25.10   56.74    11283.    3.037      431.461    1.046      432.541    1.074      433.621    1.102  210.124   0.151  210.650   0.151  211.176   0.151  0.14869E+24  0.57E+20    3396.192     118.949584  -63.5   0.65  
00339  2004-04-02T11:45:21.699  134178385.885657  3396.047   25.09   56.74    10770.    2.899      436.906    1.048      437.986    1.076      439.066    1.104  210.149   0.149  210.668   0.149  211.188   0.149  0.15055E+24  0.57E+20    3396.056     118.109876  -63.6   0.65  
00340  2004-04-02T11:45:21.900  134178386.085657  3395.935   25.09   56.74    10355.    2.787      441.438    1.050      442.519    1.078      443.599    1.105  210.428   0.148  210.943   0.148  211.458   0.148  0.15191E+24  0.57E+20    3395.944     119.330203  -64.0   0.65  
00341  2004-04-02T11:45:22.100  134178386.285657  3395.846   25.08   56.74    10016.    2.696      445.072    1.051      446.152    1.079      447.232    1.107  210.383   0.147  210.894   0.147  211.404   0.147  0.15319E+24  0.57E+20    3395.855     122.540355  -64.3   0.65  
00342  2004-04-02T11:45:22.300  134178386.485657  3395.782   25.08   56.73     9779.    2.632      447.706    1.052      448.786    1.080      449.867    1.108  209.942   0.146  210.449   0.146  210.955   0.146  0.15442E+24  0.57E+20    3395.791     127.811996  -64.7   0.65  
00343  2004-04-02T11:45:22.500  134178386.685657  3395.612   25.08   56.73     9149.    2.462      454.791    1.055      455.871    1.083      456.952    1.110  209.764   0.143  210.262   0.143  210.760   0.143  0.15700E+24  0.57E+20    3395.621     124.144482  -65.2   0.65  
00344  2004-04-02T11:45:22.699  134178386.885657  3395.554   25.07   56.73     8925.    2.402      457.235    1.056      458.315    1.084      459.396    1.111  209.751   0.143  210.247   0.143  210.742   0.143  0.15785E+24  0.57E+20    3395.564     129.990580  -65.7   0.65  
00345  2004-04-02T11:45:22.900  134178387.085657  3395.429   25.07   56.73     8462.    2.277      462.553    1.058      463.633    1.085      464.713    1.113  209.346   0.141  209.835   0.141  210.324   0.141  0.15999E+24  0.57E+20    3395.438     130.061939  -66.3   0.65  
00346  2004-04-02T11:45:23.100  134178387.285657  3395.398   25.06   56.73     8338.    2.244      463.883    1.058      464.964    1.086      466.044    1.114  209.033   0.140  209.520   0.140  210.007   0.140  0.16069E+24  0.57E+20    3395.408     138.144698  -67.0   0.65  
00347  2004-04-02T11:45:23.300  134178387.485657  3395.275   25.06   56.73     7882.    2.121      469.220    1.060      470.300    1.088      471.380    1.115  207.932   0.138  208.411   0.138  208.890   0.138  0.16340E+24  0.57E+20    3395.285     138.463633  -67.7   0.65  
00348  2004-04-02T11:45:23.500  134178387.685657  3395.243   25.06   56.72     7764.    2.089      470.623    1.061      471.703    1.088      472.784    1.116  207.508   0.137  207.984   0.137  208.460   0.137  0.16423E+24  0.57E+20    3395.253     146.454767  -68.6   0.65  
00349  2004-04-02T11:45:23.699  134178387.885657  3395.140   25.05   56.72     7373.    1.984      475.190    1.062      476.270    1.090      477.350    1.117  206.104   0.135  206.573   0.135  207.041   0.135  0.16695E+24  0.57E+20    3395.151     148.484690  -69.5   0.65  
00350  2004-04-02T11:45:23.900  134178388.085657  3395.066   25.05   56.72     7098.    1.910      478.516    1.063      479.596    1.091      480.677    1.119  205.235   0.133  205.698   0.133  206.162   0.133  0.16883E+24  0.57E+20    3395.077     152.918398  -70.5   0.65  
00351  2004-04-02T11:45:24.100  134178388.285657  3395.057   25.04   56.72     7056.    1.899      478.923    1.064      480.004    1.091      481.084    1.119  204.941   0.133  205.403   0.133  205.866   0.133  0.16922E+24  0.57E+20    3395.067     162.782975  -71.5   0.65  
00352  2004-04-02T11:45:24.300  134178388.485657  3394.954   25.04   56.72     6674.    1.796      483.641    1.065      484.721    1.093      485.802    1.120  202.557   0.130  203.010   0.130  203.462   0.130  0.17289E+24  0.57E+20    3394.965     164.823349  -72.5   0.65  
00353  2004-04-02T11:45:24.500  134178388.685657  3394.852   25.04   56.72     6296.    1.694      488.404    1.067      489.484    1.094      490.564    1.122  201.125   0.128  201.570   0.128  202.015   0.128  0.17584E+24  0.57E+20    3394.863     166.866484  -73.6   0.65  
00354  2004-04-02T11:45:24.699  134178388.885657  3394.800   25.03   56.71     6094.    1.640      490.864    1.067      491.944    1.095      493.025    1.123  200.262   0.127  200.703   0.127  201.144   0.127  0.17749E+24  0.57E+20    3394.811     173.176664  -74.8   0.65  
