      0.00,     165.00,   1.000000e+03,     176.27
      1.00,     166.95,   9.636404e+02,     176.77
      2.00,     168.90,   9.286029e+02,     177.30
      3.00,     170.85,   8.948393e+02,     177.88
      4.00,     172.80,   8.623034e+02,     178.50
      5.00,     174.75,   8.309504e+02,     179.17
      6.00,     176.70,   8.007374e+02,     179.89
      7.00,     178.65,   7.716229e+02,     180.66
      8.00,     180.60,   7.435671e+02,     181.48
      9.00,     182.55,   7.165313e+02,     182.36
     10.00,     184.50,   6.904786e+02,     183.31
     11.00,     186.45,   6.653731e+02,     184.32
     12.00,     188.40,   6.411804e+02,     185.39
     13.00,     190.35,   6.178674e+02,     186.54
     14.00,     192.30,   5.954020e+02,     187.77
     15.00,     194.25,   5.737534e+02,     189.07
     16.00,     196.20,   5.528920e+02,     190.46
     17.00,     198.15,   5.327891e+02,     191.93
     18.00,     200.10,   5.134171e+02,     193.49
     19.00,     202.05,   4.947495e+02,     195.14
     20.00,     204.00,   4.767606e+02,     196.88
     21.00,     205.95,   4.594258e+02,     198.71
     22.00,     207.90,   4.427213e+02,     200.65
     23.00,     209.85,   4.266242e+02,     202.68
     24.00,     211.80,   4.111123e+02,     204.81
     25.00,     213.75,   3.961644e+02,     207.04
     26.00,     215.70,   3.817601e+02,     209.36
     27.00,     217.65,   3.678794e+02,     211.78
     28.00,     219.60,   3.545035e+02,     214.30
     29.00,     221.55,   3.416139e+02,     216.91
     30.00,     223.50,   3.291930e+02,     219.60
     31.00,     225.45,   3.172237e+02,     222.38
     32.00,     227.40,   3.056896e+02,     225.24
     33.00,     229.35,   2.945748e+02,     228.17
     34.00,     231.30,   2.838642e+02,     231.16
     35.00,     233.25,   2.735430e+02,     234.21
     36.00,     235.20,   2.635971e+02,     237.31
     37.00,     237.15,   2.540129e+02,     240.45
     38.00,     239.10,   2.447771e+02,     243.61
     39.00,     241.05,   2.358771e+02,     246.80
     40.00,     243.00,   2.273007e+02,     250.00
     41.00,     244.95,   2.190361e+02,     253.20
     42.00,     246.90,   2.110721e+02,     256.39
     43.00,     248.85,   2.033976e+02,     259.55
     44.00,     250.80,   1.960022e+02,     262.69
     45.00,     252.75,   1.888756e+02,     265.79
     46.00,     254.70,   1.820082e+02,     268.84
     47.00,     256.65,   1.753904e+02,     271.83
     48.00,     258.60,   1.690133e+02,     274.76
     49.00,     260.55,   1.628681e+02,     277.62
     50.00,     262.50,   1.569463e+02,     280.40
     51.00,     264.45,   1.512398e+02,     283.09
     52.00,     266.40,   1.457407e+02,     285.70
     53.00,     268.35,   1.404417e+02,     288.22
     54.00,     270.30,   1.353353e+02,     290.64
     55.00,     272.25,   1.304146e+02,     292.96
     56.00,     274.20,   1.256727e+02,     295.19
     57.00,     276.15,   1.211033e+02,     297.32
     58.00,     278.10,   1.167001e+02,     299.35
     59.00,     280.05,   1.124569e+02,     301.29
     60.00,     282.00,   1.083680e+02,     303.12
     61.00,     283.95,   1.044278e+02,     304.86
     62.00,     285.90,   1.006309e+02,     306.51
     63.00,     287.85,   9.697197e+01,     308.07
     64.00,     289.80,   9.344611e+01,     309.54
     65.00,     291.75,   9.004845e+01,     310.93
     66.00,     293.70,   8.677433e+01,     312.23
     67.00,     295.65,   8.361925e+01,     313.46
     68.00,     297.60,   8.057889e+01,     314.61
     69.00,     299.55,   7.764908e+01,     315.68
     70.00,     301.50,   7.482580e+01,     316.69
     71.00,     303.45,   7.210516e+01,     317.64
     72.00,     305.40,   6.948345e+01,     318.52
     73.00,     307.35,   6.695706e+01,     319.34
     74.00,     309.30,   6.452253e+01,     320.11
     75.00,     311.25,   6.217652e+01,     320.83
     76.00,     313.20,   5.991581e+01,     321.50
     77.00,     315.15,   5.773730e+01,     322.12
     78.00,     317.10,   5.563800e+01,     322.70
     79.00,     319.05,   5.361503e+01,     323.23
     80.00,     321.00,   5.166561e+01,     323.73
     81.00,     322.95,   4.978707e+01,     324.20
     82.00,     324.90,   4.797683e+01,     324.63
     83.00,     326.85,   4.623242e+01,     325.03
     84.00,     328.80,   4.455143e+01,     325.40
     85.00,     330.75,   4.293156e+01,     325.74
     86.00,     332.70,   4.137058e+01,     326.06
     87.00,     334.65,   3.986637e+01,     326.36
     88.00,     336.60,   3.841684e+01,     326.63
     89.00,     338.55,   3.702003e+01,     326.89
     90.00,     340.50,   3.567399e+01,     327.12
     91.00,     342.45,   3.437690e+01,     327.34
     92.00,     344.40,   3.312697e+01,     327.54
     93.00,     346.35,   3.192249e+01,     327.73
     94.00,     348.30,   3.076180e+01,     327.90
     95.00,     350.25,   2.964332e+01,     328.06
     96.00,     352.20,   2.856550e+01,     328.21
     97.00,     354.15,   2.752687e+01,     328.34
     98.00,     356.10,   2.652601e+01,     328.47
     99.00,     358.05,   2.556153e+01,     328.59
    100.00,     360.00,   2.463213e+01,     328.69
    101.00,     361.95,   2.373651e+01,     328.79
    102.00,     363.90,   2.287346e+01,     328.89
    103.00,     365.85,   2.204180e+01,     328.97
    104.00,     367.80,   2.124037e+01,     329.05
    105.00,     369.75,   2.046808e+01,     329.12
    106.00,     371.70,   1.972387e+01,     329.19
    107.00,     373.65,   1.900671e+01,     329.25
    108.00,     375.60,   1.831564e+01,     329.31
    109.00,     377.55,   1.764969e+01,     329.36
    110.00,     379.50,   1.700796e+01,     329.41
    111.00,     381.45,   1.638955e+01,     329.46
    112.00,     383.40,   1.579364e+01,     329.50
    113.00,     385.35,   1.521939e+01,     329.54
    114.00,     387.30,   1.466602e+01,     329.57
    115.00,     389.25,   1.413277e+01,     329.60
    116.00,     391.20,   1.361891e+01,     329.63
    117.00,     393.15,   1.312373e+01,     329.66
    118.00,     395.10,   1.264656e+01,     329.69
    119.00,     397.05,   1.218673e+01,     329.71
    120.00,     399.00,   1.174363e+01,     329.73
    121.00,     400.95,   1.131664e+01,     329.75
    122.00,     402.90,   1.090517e+01,     329.77
    123.00,     404.85,   1.050866e+01,     329.79
    124.00,     406.80,   1.012657e+01,     329.81
    125.00,     408.75,   9.758373e+00,     329.82
    126.00,     410.70,   9.403563e+00,     329.84
    127.00,     412.65,   9.061653e+00,     329.85
    128.00,     414.60,   8.732176e+00,     329.86
    129.00,     416.55,   8.414677e+00,     329.87
    130.00,     418.50,   8.108724e+00,     329.88
    131.00,     420.45,   7.813894e+00,     329.89
    132.00,     422.40,   7.529784e+00,     329.90
    133.00,     424.35,   7.256005e+00,     329.91
    134.00,     426.30,   6.992180e+00,     329.91
    135.00,     428.25,   6.737947e+00,     329.92
    136.00,     430.20,   6.492958e+00,     329.93
    137.00,     432.15,   6.256877e+00,     329.93
    138.00,     434.10,   6.029380e+00,     329.94
    139.00,     436.05,   5.810154e+00,     329.94
    140.00,     438.00,   5.598900e+00,     329.95
    141.00,     439.95,   5.395326e+00,     329.95
    142.00,     441.90,   5.199155e+00,     329.95
    143.00,     443.85,   5.010116e+00,     329.96
    144.00,     445.80,   4.827950e+00,     329.96
    145.00,     447.75,   4.652408e+00,     329.96
    146.00,     449.70,   4.483248e+00,     329.97
    147.00,     451.65,   4.320239e+00,     329.97
    148.00,     453.60,   4.163157e+00,     329.97
    149.00,     455.55,   4.011787e+00,     329.97
    150.00,     457.50,   3.865920e+00,     329.98
