      0.00,      40.00,   4.620636e-02
      1.00,      47.05,   8.845191e-02
      2.00,      53.27,   1.453638e-01
      3.00,      58.76,   2.152123e-01
      4.00,      63.61,   2.954699e-01
      5.00,      67.88,   3.833007e-01
      6.00,      71.66,   4.759055e-01
      7.00,      74.99,   5.707361e-01
      8.00,      77.93,   6.656085e-01
      9.00,      80.52,   7.587440e-01
     10.00,      82.81,   8.487640e-01
     11.00,      84.83,   9.346564e-01
     12.00,      86.61,   1.015729e+00
     13.00,      88.19,   1.091557e+00
     14.00,      89.57,   1.161933e+00
     15.00,      90.80,   1.226819e+00
     16.00,      91.88,   1.286304e+00
     17.00,      92.83,   1.340573e+00
     18.00,      93.68,   1.389876e+00
     19.00,      94.42,   1.434504e+00
     20.00,      95.07,   1.474774e+00
     21.00,      95.65,   1.511010e+00
     22.00,      96.16,   1.543540e+00
     23.00,      96.62,   1.572681e+00
     24.00,      97.01,   1.598739e+00
     25.00,      97.36,   1.622003e+00
     26.00,      97.67,   1.642743e+00
     27.00,      97.95,   1.661211e+00
     28.00,      98.19,   1.677638e+00
     29.00,      98.40,   1.692236e+00
     30.00,      98.59,   1.705197e+00
     31.00,      98.75,   1.716697e+00
     32.00,      98.90,   1.726894e+00
     33.00,      99.03,   1.735930e+00
     34.00,      99.14,   1.743934e+00
     35.00,      99.24,   1.751021e+00
     36.00,      99.33,   1.757293e+00
     37.00,      99.41,   1.762841e+00
     38.00,      99.48,   1.767749e+00
     39.00,      99.54,   1.772089e+00
     40.00,      99.60,   1.775925e+00
     41.00,      99.64,   1.779316e+00
     42.00,      99.69,   1.782312e+00
     43.00,      99.72,   1.784959e+00
     44.00,      99.75,   1.787298e+00
     45.00,      99.78,   1.789364e+00
     46.00,      99.81,   1.791188e+00
     47.00,      99.83,   1.792800e+00
     48.00,      99.85,   1.794222e+00
     49.00,      99.87,   1.795479e+00
     50.00,      99.88,   1.796588e+00
